[files]
source = /Users/ericvc/newcandy/examples/ice_check_faster/z09/source.mdl
chem = /Users/ericvc/newcandy/astrochem/networks/just_grains.chm
[phys]
chi = 5.000e+01
cosmic = 1.30e-17
grain_size = 1.00e-01
grain_gas_mass_ratio = 9.99e-03
[solver]
ti = 1.00e-06
tf = 1.00e+02
abs_err = 1.0e-20
rel_err = 1.0e-10
[abundances]
H2 = 5.000000000000000e-01
grainH2 = 2.883512510347097e-19
He = 9.750000000000000e-02
grainH2O = 6.160051343531284e-07
H2O = 1.938399477574454e-05
CO = 1.999999999895804e-05
grainCO = 5.296070629455352e-20
grain = 2.199999990110729e-12
[output]
abundances = all
time_steps = 64
trace_routes = 0