[files]
source = /Users/ericvc/newcandy/examples/ice_check_faster/z09/source.mdl
chem = /Users/ericvc/newcandy/astrochem/networks/just_grains.chm
[phys]
chi = 5.000e+01
cosmic = 1.30e-17
grain_size = 1.00e-01
grain_gas_mass_ratio = 9.99e-03
[solver]
ti = 1.00e-06
tf = 1.00e+02
abs_err = 1.0e-20
rel_err = 1.0e-10
[abundances]
H2 = 4.999999999999835e-01
grainH2 = 2.882800932424594e-19
He = 9.750000000000000e-02
grainH2O = 6.158083739147417e-07
H2O = 1.938296084470648e-05
CO = 1.999998454520700e-05
grainCO = 5.294757208751968e-20
grain = 2.199864614048309e-12
[output]
abundances = all
time_steps = 64
trace_routes = 0