[files]
source = /Users/ericvc/newcandy/examples/ice_check_parallel/z16/source.mdl
chem = /Users/ericvc/newcandy/astrochem/networks/just_grains.chm
[phys]
chi = 5.000e+01
cosmic = 1.30e-17
grain_size = 1.00e-01
grain_gas_mass_ratio = 9.95e-03
[solver]
ti = 1.00e-06
tf = 1.00e+02
abs_err = 1.0e-20
rel_err = 1.0e-10
[abundances]
H2 = 4.999999999994645e-01
grainH2 = 9.875713142641864e-16
He = 9.750000000000000e-02
grainHe = 1.278671866247468e-19
grainH2O = 1.993295629254643e-05
H2O = 1.120538569301321e-13
CO = 1.999955318219136e-05
grainCO = 1.861714259100947e-16
grain = 2.192625204504898e-12
[output]
abundances = all
time_steps = 64
trace_routes = 0