[files]
source = /Users/ericvc/newcandy/examples/ice_check_parallel/z16/source.mdl
chem = /Users/ericvc/newcandy/astrochem/networks/just_grains.chm
[phys]
chi = 5.000e+01
cosmic = 1.30e-17
grain_size = 1.00e-01
grain_gas_mass_ratio = 9.99e-03
[solver]
ti = 1.00e-06
tf = 1.00e+02
abs_err = 1.0e-20
rel_err = 1.0e-10
[abundances]
H2 = 4.999999999999987e-01
grainH2 = 9.911359139533619e-16
He = 9.750000000000000e-02
grainHe = 1.283237237687383e-19
grainH2O = 1.999999988292161e-05
H2O = 1.120535495437927e-13
CO = 1.999999999979697e-05
grainCO = 1.868581070616651e-16
grain = 2.199999999447261e-12
[output]
abundances = all
time_steps = 64
trace_routes = 0