[files]
source = /Users/ericvc/newcandy/examples/ice_check_parallel/z16/source.mdl
chem = /Users/ericvc/newcandy/astrochem/networks/just_grains.chm
[phys]
chi = 5.000e+01
cosmic = 1.30e-17
grain_size = 1.00e-01
grain_gas_mass_ratio = 9.96e-03
[solver]
ti = 1.00e-06
tf = 1.00e+02
abs_err = 1.0e-20
rel_err = 1.0e-10
[abundances]
H2 = 4.999999999994956e-01
grainH2 = 9.877651586232351e-16
He = 9.750000000000000e-02
grainHe = 1.278920729857311e-19
grainH2O = 1.993665624932311e-05
H2O = 1.120538579156819e-13
CO = 1.999958067002610e-05
grainCO = 1.862086738964713e-16
grain = 2.193032199750395e-12
[output]
abundances = all
time_steps = 64
trace_routes = 0