[files]
source = /Users/ericvc/newcandy/examples/ice_check_faster/z04/source.mdl
chem = /Users/ericvc/newcandy/astrochem/networks/just_grains.chm
[phys]
chi = 5.000e+01
cosmic = 1.30e-17
grain_size = 1.00e-01
grain_gas_mass_ratio = 9.90e-03
[solver]
ti = 1.00e-06
tf = 1.00e+02
abs_err = 1.0e-20
rel_err = 1.0e-10
[abundances]
H2 = 4.999999999976705e-01
grainH2 = 3.032944701847556e-14
He = 9.750000000000000e-02
grainHe = 1.008965859239741e-18
grainH2O = 1.981679963892063e-05
H2O = 1.973664309215527e-14
CO = 1.999762796311322e-05
grainCO = 9.434819004607607e-14
grain = 2.179847962449674e-12
[output]
abundances = all
time_steps = 64
trace_routes = 0