[files]
source = /Users/ericvc/newcandy/examples/ice_check_faster/z04/source.mdl
chem = /Users/ericvc/newcandy/astrochem/networks/just_grains.chm
[phys]
chi = 5.000e+01
cosmic = 1.30e-17
grain_size = 1.00e-01
grain_gas_mass_ratio = 9.96e-03
[solver]
ti = 1.00e-06
tf = 1.00e+02
abs_err = 1.0e-20
rel_err = 1.0e-10
[abundances]
H2 = 4.999999999993758e-01
grainH2 = 3.071669600912510e-14
He = 9.750000000000000e-02
grainHe = 1.016788379170917e-18
grainH2O = 1.995157822893074e-05
H2O = 1.973664309230024e-14
CO = 1.999940096202609e-05
grainCO = 9.666202296934626e-14
grain = 2.194673607352718e-12
[output]
abundances = all
time_steps = 64
trace_routes = 0