[files]
source = /Users/ericvc/newcandy/examples/ice_check_faster/z04/source.mdl
chem = /Users/ericvc/newcandy/astrochem/networks/just_grains.chm
[phys]
chi = 5.000e+01
cosmic = 1.30e-17
grain_size = 1.00e-01
grain_gas_mass_ratio = 9.98e-03
[solver]
ti = 1.00e-06
tf = 1.00e+02
abs_err = 1.0e-20
rel_err = 1.0e-10
[abundances]
H2 = 4.999999999997601e-01
grainH2 = 3.083221169115028e-14
He = 9.750000000000000e-02
grainHe = 1.018735191300498e-18
grainH2O = 1.998279720040677e-05
H2O = 1.973664309326684e-14
CO = 1.999979239237915e-05
grainCO = 9.743560705313737e-14
grain = 2.198107694215533e-12
[output]
abundances = all
time_steps = 64
trace_routes = 0