[files]
source = /Users/ericvc/newcandy/examples/ice_check_faster/z04/source.mdl
chem = /Users/ericvc/newcandy/astrochem/networks/just_grains.chm
[phys]
chi = 5.000e+01
cosmic = 1.30e-17
grain_size = 1.00e-01
grain_gas_mass_ratio = 9.84e-03
[solver]
ti = 1.00e-06
tf = 1.00e+02
abs_err = 1.0e-20
rel_err = 1.0e-10
[abundances]
H2 = 4.999999999962685e-01
grainH2 = 3.006155039142648e-14
He = 9.750000000000000e-02
grainHe = 1.002897144551501e-18
grainH2O = 1.970827783231286e-05
H2O = 1.973664309215522e-14
CO = 1.999614428254810e-05
grainCO = 9.288946318886558e-14
grain = 2.167910563721265e-12
[output]
abundances = all
time_steps = 64
trace_routes = 0