[files]
source = /Users/ericvc/newcandy/examples/ice_check_faster/z04/source.mdl
chem = /Users/ericvc/newcandy/astrochem/networks/just_grains.chm
[phys]
chi = 5.000e+01
cosmic = 1.30e-17
grain_size = 1.00e-01
grain_gas_mass_ratio = 9.60e-03
[solver]
ti = 1.00e-06
tf = 1.00e+02
abs_err = 1.0e-20
rel_err = 1.0e-10
[abundances]
H2 = 4.999999999897706e-01
grainH2 = 2.901146455461861e-14
He = 9.750000000000000e-02
grainHe = 9.763721463061102e-19
grainH2O = 1.921916911785725e-05
H2O = 1.973664458936066e-14
CO = 1.998911205018519e-05
grainCO = 8.776471447911003e-14
grain = 2.114108605124189e-12
[output]
abundances = all
time_steps = 64
trace_routes = 0