[files]
source = /Users/ericvc/newcandy/examples/ice_check_faster/z04/source.mdl
chem = /Users/ericvc/newcandy/astrochem/networks/just_grains.chm
[phys]
chi = 5.000e+01
cosmic = 1.30e-17
grain_size = 1.00e-01
grain_gas_mass_ratio = 9.16e-03
[solver]
ti = 1.00e-06
tf = 1.00e+02
abs_err = 1.0e-20
rel_err = 1.0e-10
[abundances]
H2 = 4.999999999776147e-01
grainH2 = 2.736265213989812e-14
He = 9.750000000000000e-02
grainHe = 9.298794659153552e-19
grainH2O = 1.833822151117947e-05
H2O = 1.973664310375100e-14
CO = 1.997560764050451e-05
grainCO = 8.077159635018953e-14
grain = 2.017204368377198e-12
[output]
abundances = all
time_steps = 64
trace_routes = 0