[files]
source = /Users/ericvc/newcandy/examples/ice_check_faster/z04/source.mdl
chem = /Users/ericvc/newcandy/astrochem/networks/just_grains.chm
[phys]
chi = 5.000e+01
cosmic = 1.30e-17
grain_size = 1.00e-01
grain_gas_mass_ratio = 9.77e-03
[solver]
ti = 1.00e-06
tf = 1.00e+02
abs_err = 1.0e-20
rel_err = 1.0e-10
[abundances]
H2 = 4.999999999944791e-01
grainH2 = 2.974933655803521e-14
He = 9.750000000000000e-02
grainHe = 9.953912398514456e-19
grainH2O = 1.957171966182155e-05
H2O = 1.973664309235358e-14
CO = 1.999422979915989e-05
grainCO = 9.128321332840977e-14
grain = 2.152889164965269e-12
[output]
abundances = all
time_steps = 64
trace_routes = 0