[files]
source = /Users/ericvc/newcandy/examples/ice_check_parallel/z04/source.mdl
chem = /Users/ericvc/newcandy/astrochem/networks/just_grains.chm
[phys]
chi = 5.000e+01
cosmic = 1.30e-17
grain_size = 1.00e-01
grain_gas_mass_ratio = 2.80e-03
[solver]
ti = 1.00e-06
tf = 1.00e+02
abs_err = 1.0e-20
rel_err = 1.0e-10
[abundances]
H2 = 4.999999997453495e-01
grainH2 = 5.511674438980431e-11
He = 9.750000000000000e-02
grainHe = 1.016015196524696e-17
grainH2O = 5.602400641738011e-06
H2O = 2.783276061325063e-15
CO = 1.971836097595884e-05
grainCO = 4.808067569378937e-08
grain = 6.162640706885788e-13
[output]
abundances = all
time_steps = 64
trace_routes = 0