[files]
source = /Users/ericvc/newcandy/examples/ice_check_parallel/z04/source.mdl
chem = /Users/ericvc/newcandy/astrochem/networks/just_grains.chm
[phys]
chi = 5.000e+01
cosmic = 1.30e-17
grain_size = 1.00e-01
grain_gas_mass_ratio = 9.61e-03
[solver]
ti = 1.00e-06
tf = 1.00e+02
abs_err = 1.0e-20
rel_err = 1.0e-10
[abundances]
H2 = 4.999999998010269e-01
grainH2 = 1.913699839802883e-10
He = 9.750000000000000e-02
grainHe = 3.506423619592570e-17
grainH2O = 1.923561424105830e-05
H2O = 2.783154045485116e-15
CO = 1.982434433048769e-05
grainCO = 1.689422349231078e-07
grain = 2.115917566810853e-12
[output]
abundances = all
time_steps = 64
trace_routes = 0