[files]
source = /Users/ericvc/newcandy/examples/ice_check_parallel/z04/source.mdl
chem = /Users/ericvc/newcandy/astrochem/networks/just_grains.chm
[phys]
chi = 5.000e+01
cosmic = 1.30e-17
grain_size = 1.00e-01
grain_gas_mass_ratio = 2.78e-03
[solver]
ti = 1.00e-06
tf = 1.00e+02
abs_err = 1.0e-20
rel_err = 1.0e-10
[abundances]
H2 = 4.999999997450253e-01
grainH2 = 5.483357775151422e-11
He = 9.750000000000000e-02
grainHe = 1.010812723812079e-17
grainH2O = 5.573790753214883e-06
H2O = 2.783276724249194e-15
CO = 1.971777588697045e-05
grainCO = 4.783126367902695e-08
grain = 6.131169829506682e-13
[output]
abundances = all
time_steps = 64
trace_routes = 0