[files]
source = /Users/ericvc/newcandy/examples/ice_check_parallel/z04/source.mdl
chem = /Users/ericvc/newcandy/astrochem/networks/just_grains.chm
[phys]
chi = 5.000e+01
cosmic = 1.30e-17
grain_size = 1.00e-01
grain_gas_mass_ratio = 8.62e-03
[solver]
ti = 1.00e-06
tf = 1.00e+02
abs_err = 1.0e-20
rel_err = 1.0e-10
[abundances]
H2 = 4.999999998006912e-01
grainH2 = 1.717786297049006e-10
He = 9.750000000000000e-02
grainHe = 3.147711576131688e-17
grainH2O = 1.726911033564621e-05
H2O = 2.783155185741195e-15
CO = 1.982334379803189e-05
grainCO = 1.516293772274380e-07
grain = 1.899602137185382e-12
[output]
abundances = all
time_steps = 64
trace_routes = 0