[files]
source = /Users/ericvc/newcandy/examples/ice_check_parallel/z04/source.mdl
chem = /Users/ericvc/newcandy/astrochem/networks/just_grains.chm
[phys]
chi = 5.000e+01
cosmic = 1.30e-17
grain_size = 1.00e-01
grain_gas_mass_ratio = 7.41e-03
[solver]
ti = 1.00e-06
tf = 1.00e+02
abs_err = 1.0e-20
rel_err = 1.0e-10
[abundances]
H2 = 4.999999997988981e-01
grainH2 = 1.474113091990112e-10
He = 9.750000000000000e-02
grainHe = 2.702470900396189e-17
grainH2O = 1.483280367836787e-05
H2O = 2.783160118167838e-15
CO = 1.981902461631662e-05
grainCO = 1.300367394412290e-07
grain = 1.631608404847654e-12
[output]
abundances = all
time_steps = 64
trace_routes = 0