[files]
source = /Users/ericvc/newcandy/examples/ice_check_parallel/z04/source.mdl
chem = /Users/ericvc/newcandy/astrochem/networks/just_grains.chm
[phys]
chi = 5.000e+01
cosmic = 1.30e-17
grain_size = 1.00e-01
grain_gas_mass_ratio = 3.95e-03
[solver]
ti = 1.00e-06
tf = 1.00e+02
abs_err = 1.0e-20
rel_err = 1.0e-10
[abundances]
H2 = 4.999999997693158e-01
grainH2 = 7.807738601446458e-11
He = 9.750000000000000e-02
grainHe = 1.436840255419693e-17
grainH2O = 7.911939980620753e-06
H2O = 2.783226048786285e-15
CO = 1.976198362633662e-05
grainCO = 6.839572840275451e-08
grain = 8.703133979957975e-13
[output]
abundances = all
time_steps = 64
trace_routes = 0