[files]
source = /Users/ericvc/newcandy/examples/ice_check_parallel/z12/source.mdl
chem = /Users/ericvc/newcandy/astrochem/networks/just_grains.chm
[phys]
chi = 5.000e+01
cosmic = 1.30e-17
grain_size = 1.00e-01
grain_gas_mass_ratio = 9.96e-03
[solver]
ti = 1.00e-06
tf = 1.00e+02
abs_err = 1.0e-20
rel_err = 1.0e-10
[abundances]
H2 = 4.999999999995778e-01
grainH2 = 2.744678930830089e-14
He = 9.750000000000000e-02
grainHe = 1.059182203120643e-18
grainH2O = 1.994317294837387e-05
H2O = 1.899405164062417e-14
CO = 1.999970016135300e-05
grainCO = 2.703808045994066e-14
grain = 2.193749026409507e-12
[output]
abundances = all
time_steps = 64
trace_routes = 0