[files]
source = /Users/ericvc/newcandy/examples/ice_check_parallel/z12/source.mdl
chem = /Users/ericvc/newcandy/astrochem/networks/just_grains.chm
[phys]
chi = 5.000e+01
cosmic = 1.30e-17
grain_size = 1.00e-01
grain_gas_mass_ratio = 9.99e-03
[solver]
ti = 1.00e-06
tf = 1.00e+02
abs_err = 1.0e-20
rel_err = 1.0e-10
[abundances]
H2 = 4.999999999999747e-01
grainH2 = 2.754385182856503e-14
He = 9.750000000000000e-02
grainHe = 1.062484968289365e-18
grainH2O = 1.999999998100597e-05
H2O = 1.899405178468768e-14
CO = 1.999999997284496e-05
grainCO = 2.715507394946780e-14
grain = 2.200000000000000e-12
[output]
abundances = all
time_steps = 64
trace_routes = 0