[files]
source = /Users/ericvc/newcandy/examples/ice_check_parallel/z12/source.mdl
chem = /Users/ericvc/newcandy/astrochem/networks/just_grains.chm
[phys]
chi = 5.000e+01
cosmic = 1.30e-17
grain_size = 1.00e-01
grain_gas_mass_ratio = 9.56e-03
[solver]
ti = 1.00e-06
tf = 1.00e+02
abs_err = 1.0e-20
rel_err = 1.0e-10
[abundances]
H2 = 4.999999999924064e-01
grainH2 = 2.625015492422235e-14
He = 9.750000000000000e-02
grainHe = 1.015386680627739e-18
grainH2O = 1.914943910359960e-05
H2O = 1.899405178360200e-14
CO = 1.999300711758588e-05
grainCO = 2.573979777266410e-14
grain = 2.106438303471362e-12
[output]
abundances = all
time_steps = 64
trace_routes = 0