[files]
source = /Users/ericvc/newcandy/examples/ice_check_parallel/z14/source.mdl
chem = /Users/ericvc/newcandy/astrochem/networks/just_grains.chm
[phys]
chi = 5.000e+01
cosmic = 1.30e-17
grain_size = 1.00e-01
grain_gas_mass_ratio = 9.86e-03
[solver]
ti = 1.00e-06
tf = 1.00e+02
abs_err = 1.0e-20
rel_err = 1.0e-10
[abundances]
H2 = 4.999999999978791e-01
grainH2 = 4.003157653634673e-15
He = 9.750000000000000e-02
grainHe = 3.652965421557385e-19
grainH2O = 1.974618556709325e-05
H2O = 4.262156845580230e-14
CO = 1.999814199192136e-05
grainCO = 1.215625065504721e-15
grain = 2.172080417064423e-12
[output]
abundances = all
time_steps = 64
trace_routes = 0