[files]
source = /Users/ericvc/newcandy/examples/ice_check_parallel/z14/source.mdl
chem = /Users/ericvc/newcandy/astrochem/networks/just_grains.chm
[phys]
chi = 5.000e+01
cosmic = 1.30e-17
grain_size = 1.00e-01
grain_gas_mass_ratio = 9.86e-03
[solver]
ti = 1.00e-06
tf = 1.00e+02
abs_err = 1.0e-20
rel_err = 1.0e-10
[abundances]
H2 = 4.999999999977791e-01
grainH2 = 4.000779639008664e-15
He = 9.750000000000000e-02
grainHe = 3.650853989153473e-19
grainH2O = 1.973518368928759e-05
H2O = 4.262156657854923e-14
CO = 1.999804837734778e-05
grainCO = 1.214865155417310e-15
grain = 2.170870210505621e-12
[output]
abundances = all
time_steps = 64
trace_routes = 0