[files]
source = /Users/ericvc/newcandy/examples/ice_check_parallel/z18/source.mdl
chem = /Users/ericvc/newcandy/astrochem/networks/just_grains.chm
[phys]
chi = 5.000e+01
cosmic = 1.30e-17
grain_size = 1.00e-01
grain_gas_mass_ratio = 9.98e-03
[solver]
ti = 1.00e-06
tf = 1.00e+02
abs_err = 1.0e-20
rel_err = 1.0e-10
[abundances]
H2 = 4.999999999998960e-01
grainH2 = 3.200978877568098e-16
He = 9.750000000000000e-02
grainHe = 4.223688159734709e-20
grainH2O = 1.998647680269869e-05
H2O = 1.510846825855785e-10
CO = 1.999991883182924e-05
grainCO = 5.879126792422842e-17
grain = 2.198529067611718e-12
[output]
abundances = all
time_steps = 64
trace_routes = 0