[files]
source = /Users/ericvc/newcandy/examples/ice_check_parallel/z18/source.mdl
chem = /Users/ericvc/newcandy/astrochem/networks/just_grains.chm
[phys]
chi = 5.000e+01
cosmic = 1.30e-17
grain_size = 1.00e-01
grain_gas_mass_ratio = 9.98e-03
[solver]
ti = 1.00e-06
tf = 1.00e+02
abs_err = 1.0e-20
rel_err = 1.0e-10
[abundances]
H2 = 4.999999999998880e-01
grainH2 = 3.200806977920317e-16
He = 9.750000000000000e-02
grainHe = 4.223461338335838e-20
grainH2O = 1.998546906392584e-05
H2O = 1.510846825923020e-10
CO = 1.999991213696329e-05
grainCO = 5.878808963196501e-17
grain = 2.198418216346687e-12
[output]
abundances = all
time_steps = 64
trace_routes = 0