[files]
source = /Users/ericvc/newcandy/examples/ice_check_parallel/z18/source.mdl
chem = /Users/ericvc/newcandy/astrochem/networks/just_grains.chm
[phys]
chi = 5.000e+01
cosmic = 1.30e-17
grain_size = 1.00e-01
grain_gas_mass_ratio = 9.99e-03
[solver]
ti = 1.00e-06
tf = 1.00e+02
abs_err = 1.0e-20
rel_err = 1.0e-10
[abundances]
H2 = 5.000000000000000e-01
grainH2 = 3.203289766452916e-16
He = 9.750000000000000e-02
grainHe = 4.226737375112739e-20
grainH2O = 1.999984895832996e-05
H2O = 1.510416700061953e-10
CO = 1.999999999994119e-05
grainCO = 5.883396999868581e-17
grain = 2.200000000000000e-12
[output]
abundances = all
time_steps = 64
trace_routes = 0