[files]
source = /Users/ericvc/newcandy/examples/ice_check_faster/z02/source.mdl
chem = /Users/ericvc/newcandy/astrochem/networks/just_grains.chm
[phys]
chi = 5.000e+01
cosmic = 1.30e-17
grain_size = 1.00e-01
grain_gas_mass_ratio = 8.42e-03
[solver]
ti = 1.00e-06
tf = 1.00e+02
abs_err = 1.0e-20
rel_err = 1.0e-10
[abundances]
H2 = 4.999999999385996e-01
grainH2 = 2.093561267065849e-11
He = 9.750000000000000e-02
grainHe = 1.368757966863812e-17
grainH2O = 1.685661433211037e-05
H2O = 4.220793387944074e-15
CO = 1.995302043564274e-05
grainCO = 4.167850879164606e-09
grain = 1.854227576951418e-12
[output]
abundances = all
time_steps = 64
trace_routes = 0