[files]
source = /Users/ericvc/newcandy/examples/ice_check_faster/z02/source.mdl
chem = /Users/ericvc/newcandy/astrochem/networks/just_grains.chm
[phys]
chi = 5.000e+01
cosmic = 1.30e-17
grain_size = 1.00e-01
grain_gas_mass_ratio = 8.04e-03
[solver]
ti = 1.00e-06
tf = 1.00e+02
abs_err = 1.0e-20
rel_err = 1.0e-10
[abundances]
H2 = 4.999999999290507e-01
grainH2 = 1.996672446192241e-11
He = 9.750000000000000e-02
grainHe = 1.307190993305716e-17
grainH2O = 1.610507724352044e-05
H2O = 4.220793997009450e-15
CO = 1.994144560079309e-05
grainCO = 3.945676425218537e-09
grain = 1.771558497195950e-12
[output]
abundances = all
time_steps = 64
trace_routes = 0