[files]
source = /Users/ericvc/newcandy/examples/ice_check_faster/z02/source.mdl
chem = /Users/ericvc/newcandy/astrochem/networks/just_grains.chm
[phys]
chi = 5.000e+01
cosmic = 1.30e-17
grain_size = 1.00e-01
grain_gas_mass_ratio = 6.75e-03
[solver]
ti = 1.00e-06
tf = 1.00e+02
abs_err = 1.0e-20
rel_err = 1.0e-10
[abundances]
H2 = 4.999999998941767e-01
grainH2 = 1.671620841302631e-11
He = 9.750000000000000e-02
grainHe = 1.096603896758598e-17
grainH2O = 1.352233365911142e-05
H2O = 4.220796145728613e-15
CO = 1.989792683902486e-05
grainCO = 3.264455122271553e-09
grain = 1.487456702875060e-12
[output]
abundances = all
time_steps = 64
trace_routes = 0