[files]
source = /Users/ericvc/newcandy/examples/ice_check_faster/z02/source.mdl
chem = /Users/ericvc/newcandy/astrochem/networks/just_grains.chm
[phys]
chi = 5.000e+01
cosmic = 1.30e-17
grain_size = 1.00e-01
grain_gas_mass_ratio = 7.04e-03
[solver]
ti = 1.00e-06
tf = 1.00e+02
abs_err = 1.0e-20
rel_err = 1.0e-10
[abundances]
H2 = 4.999999999022665e-01
grainH2 = 1.744038379125969e-11
He = 9.750000000000000e-02
grainHe = 1.143876741307104e-17
grainH2O = 1.410326376383405e-05
H2O = 4.220795655214858e-15
CO = 1.990816075564266e-05
grainCO = 3.410529266144641e-09
grain = 1.551359014402571e-12
[output]
abundances = all
time_steps = 64
trace_routes = 0