[files]
source = /Users/ericvc/newcandy/examples/ice_check_faster/z02/source.mdl
chem = /Users/ericvc/newcandy/astrochem/networks/just_grains.chm
[phys]
chi = 5.000e+01
cosmic = 1.30e-17
grain_size = 1.00e-01
grain_gas_mass_ratio = 9.57e-03
[solver]
ti = 1.00e-06
tf = 1.00e+02
abs_err = 1.0e-20
rel_err = 1.0e-10
[abundances]
H2 = 4.999999999658499e-01
grainH2 = 2.413956994193890e-11
He = 9.750000000000000e-02
grainHe = 1.561016280367943e-17
grainH2O = 1.917311975051020e-05
H2O = 4.220790823724351e-15
CO = 1.998484330864543e-05
grainCO = 5.081945971958891e-09
grain = 2.109043173008436e-12
[output]
abundances = all
time_steps = 64
trace_routes = 0