[files]
source = /Users/ericvc/newcandy/examples/ice_check_faster/z02/source.mdl
chem = /Users/ericvc/newcandy/astrochem/networks/just_grains.chm
[phys]
chi = 5.000e+01
cosmic = 1.30e-17
grain_size = 1.00e-01
grain_gas_mass_ratio = 8.81e-03
[solver]
ti = 1.00e-06
tf = 1.00e+02
abs_err = 1.0e-20
rel_err = 1.0e-10
[abundances]
H2 = 4.999999999481914e-01
grainH2 = 2.196486673228865e-11
He = 9.750000000000000e-02
grainHe = 1.433035386948509e-17
grainH2O = 1.763812273785032e-05
H2O = 4.220792778832765e-15
CO = 1.996445169534296e-05
grainCO = 4.421695863655406e-09
grain = 1.940193501593881e-12
[output]
abundances = all
time_steps = 64
trace_routes = 0