[files]
source = /Users/ericvc/newcandy/examples/ice_check_faster/z02/source.mdl
chem = /Users/ericvc/newcandy/astrochem/networks/just_grains.chm
[phys]
chi = 5.000e+01
cosmic = 1.30e-17
grain_size = 1.00e-01
grain_gas_mass_ratio = 5.84e-03
[solver]
ti = 1.00e-06
tf = 1.00e+02
abs_err = 1.0e-20
rel_err = 1.0e-10
[abundances]
H2 = 4.999999998680690e-01
grainH2 = 1.445364115439133e-11
He = 9.750000000000000e-02
grainHe = 9.481704087666338e-18
grainH2O = 1.169538039494416e-05
H2O = 4.220797697652027e-15
CO = 1.986451780590523e-05
grainCO = 2.820008901787424e-09
grain = 1.286491843791588e-12
[output]
abundances = all
time_steps = 64
trace_routes = 0