[files]
source = /Users/ericvc/newcandy/examples/ice_check_faster/z02/source.mdl
chem = /Users/ericvc/newcandy/astrochem/networks/just_grains.chm
[phys]
chi = 5.000e+01
cosmic = 1.30e-17
grain_size = 1.00e-01
grain_gas_mass_ratio = 7.69e-03
[solver]
ti = 1.00e-06
tf = 1.00e+02
abs_err = 1.0e-20
rel_err = 1.0e-10
[abundances]
H2 = 4.999999999197461e-01
grainH2 = 1.906207154328112e-11
He = 9.750000000000000e-02
grainHe = 1.249074743853050e-17
grainH2O = 1.539383563580544e-05
H2O = 4.220794579038497e-15
CO = 1.993000499524350e-05
grainCO = 3.748242967616647e-09
grain = 1.693321920337358e-12
[output]
abundances = all
time_steps = 64
trace_routes = 0