[files]
source = /Users/ericvc/newcandy/examples/ice_check_parallel/z02/source.mdl
chem = /Users/ericvc/newcandy/astrochem/networks/just_grains.chm
[phys]
chi = 5.000e+01
cosmic = 1.30e-17
grain_size = 1.00e-01
grain_gas_mass_ratio = 3.50e-03
[solver]
ti = 1.00e-06
tf = 1.00e+02
abs_err = 1.0e-20
rel_err = 1.0e-10
[abundances]
H2 = 4.999999996362766e-01
grainH2 = 1.345557532187225e-10
He = 9.750000000000000e-02
grainHe = 1.770168867149948e-17
grainH2O = 6.998898639588086e-06
H2O = 2.218132473811405e-15
CO = 1.953006047598312e-05
grainCO = 1.771188584054897e-07
grain = 7.698788504344406e-13
[output]
abundances = all
time_steps = 64
trace_routes = 0