[files]
source = /Users/ericvc/newcandy/examples/ice_check_parallel/z02/source.mdl
chem = /Users/ericvc/newcandy/astrochem/networks/just_grains.chm
[phys]
chi = 5.000e+01
cosmic = 1.30e-17
grain_size = 1.00e-01
grain_gas_mass_ratio = 5.72e-03
[solver]
ti = 1.00e-06
tf = 1.00e+02
abs_err = 1.0e-20
rel_err = 1.0e-10
[abundances]
H2 = 4.999999996219696e-01
grainH2 = 2.202946377324252e-10
He = 9.750000000000000e-02
grainHe = 2.897577409280466e-17
grainH2O = 1.145365145803419e-05
H2O = 2.218202325139027e-15
CO = 1.950630253796499e-05
grainCO = 2.896751340710106e-07
grain = 1.259901660521727e-12
[output]
abundances = all
time_steps = 64
trace_routes = 0