[files]
source = /Users/ericvc/newcandy/examples/ice_check_parallel/z02/source.mdl
chem = /Users/ericvc/newcandy/astrochem/networks/just_grains.chm
[phys]
chi = 5.000e+01
cosmic = 1.30e-17
grain_size = 1.00e-01
grain_gas_mass_ratio = 2.24e-03
[solver]
ti = 1.00e-06
tf = 1.00e+02
abs_err = 1.0e-20
rel_err = 1.0e-10
[abundances]
H2 = 4.999999996537336e-01
grainH2 = 8.602646147318151e-11
He = 9.750000000000000e-02
grainHe = 1.132075362228508e-17
grainH2O = 4.477867088506937e-06
H2O = 2.218048057929387e-15
CO = 1.955879369646082e-05
grainCO = 1.133710902067170e-07
grain = 4.925653797799693e-13
[output]
abundances = all
time_steps = 64
trace_routes = 0