[files]
source = /Users/ericvc/newcandy/examples/ice_check_parallel/z02/source.mdl
chem = /Users/ericvc/newcandy/astrochem/networks/just_grains.chm
[phys]
chi = 5.000e+01
cosmic = 1.30e-17
grain_size = 1.00e-01
grain_gas_mass_ratio = 9.61e-03
[solver]
ti = 1.00e-06
tf = 1.00e+02
abs_err = 1.0e-20
rel_err = 1.0e-10
[abundances]
H2 = 4.999999996153127e-01
grainH2 = 3.699851564174711e-10
He = 9.750000000000000e-02
grainHe = 4.866369293386052e-17
grainH2O = 1.923561424160155e-05
H2O = 2.218236365505117e-15
CO = 1.949445839053601e-05
grainCO = 4.862201691902974e-07
grain = 2.115917566810853e-12
[output]
abundances = all
time_steps = 64
trace_routes = 0