[files]
source = /Users/ericvc/newcandy/examples/ice_check_parallel/z02/source.mdl
chem = /Users/ericvc/newcandy/astrochem/networks/just_grains.chm
[phys]
chi = 5.000e+01
cosmic = 1.30e-17
grain_size = 1.00e-01
grain_gas_mass_ratio = 8.62e-03
[solver]
ti = 1.00e-06
tf = 1.00e+02
abs_err = 1.0e-20
rel_err = 1.0e-10
[abundances]
H2 = 4.999999996157043e-01
grainH2 = 3.320258077461512e-10
He = 9.750000000000000e-02
grainHe = 4.367094622111969e-17
grainH2O = 1.726208164996627e-05
H2O = 2.218234736302740e-15
CO = 1.949520550332971e-05
grainCO = 4.363524823442172e-07
grain = 1.898828981706795e-12
[output]
abundances = all
time_steps = 64
trace_routes = 0