[files]
source = /Users/ericvc/newcandy/examples/ice_check_parallel/z02/source.mdl
chem = /Users/ericvc/newcandy/astrochem/networks/just_grains.chm
[phys]
chi = 5.000e+01
cosmic = 1.30e-17
grain_size = 1.00e-01
grain_gas_mass_ratio = 7.37e-03
[solver]
ti = 1.00e-06
tf = 1.00e+02
abs_err = 1.0e-20
rel_err = 1.0e-10
[abundances]
H2 = 4.999999996172675e-01
grainH2 = 2.837412446315106e-10
He = 9.750000000000000e-02
grainHe = 3.732018845662378e-17
grainH2O = 1.475175109176031e-05
H2O = 2.218226358173964e-15
CO = 1.949808156501448e-05
grainCO = 3.729518552366853e-07
grain = 1.622692620273104e-12
[output]
abundances = all
time_steps = 64
trace_routes = 0