[files]
source = /Users/ericvc/newcandy/examples/ice_check_parallel/z02/source.mdl
chem = /Users/ericvc/newcandy/astrochem/networks/just_grains.chm
[phys]
chi = 5.000e+01
cosmic = 1.30e-17
grain_size = 1.00e-01
grain_gas_mass_ratio = 2.25e-03
[solver]
ti = 1.00e-06
tf = 1.00e+02
abs_err = 1.0e-20
rel_err = 1.0e-10
[abundances]
H2 = 4.999999996534551e-01
grainH2 = 8.657389564123177e-11
He = 9.750000000000000e-02
grainHe = 1.139274382337078e-17
grainH2O = 4.506315124216695e-06
H2O = 2.218049406285768e-15
CO = 1.955833338449711e-05
grainCO = 1.140903629577985e-07
grain = 4.956946637084686e-13
[output]
abundances = all
time_steps = 64
trace_routes = 0