[files]
source = /Users/ericvc/newcandy/examples/ice_check_parallel/z22/source.mdl
chem = /Users/ericvc/newcandy/astrochem/networks/just_grains.chm
[phys]
chi = 5.000e+01
cosmic = 1.30e-17
grain_size = 1.00e-01
grain_gas_mass_ratio = 1.00e-02
[solver]
ti = 1.00e-06
tf = 1.00e+02
abs_err = 1.0e-20
rel_err = 1.0e-10
[abundances]
H2 = 5.000000000000000e-01
He = 9.750000000000000e-02
CO = 2.000000000000000e-05
H2O = 2.000000000000000e-05
grain = 2.200000000000000e-12
[output]
abundances = all
time_steps = 64
trace_routes = 0