[files]
source = /Users/ericvc/newcandy/examples/ice_check_parallel/z22/source.mdl
chem = /Users/ericvc/newcandy/astrochem/networks/just_grains.chm
[phys]
chi = 5.000e+01
cosmic = 1.30e-17
grain_size = 1.00e-01
grain_gas_mass_ratio = 9.99e-03
[solver]
ti = 1.00e-06
tf = 1.00e+02
abs_err = 1.0e-20
rel_err = 1.0e-10
[abundances]
H2 = 4.999999999999972e-01
grainH2 = 1.928837970640741e-17
He = 9.749999999999996e-02
grainH2O = 1.558314845955904e-05
H2O = 4.416473198224744e-06
CO = 1.999999800228319e-05
grainCO = 3.542644909305607e-18
grain = 2.199958382356194e-12
[output]
abundances = all
time_steps = 64
trace_routes = 0