[files]
source = /Users/ericvc/newcandy/examples/ice_check_parallel/z22/source.mdl
chem = /Users/ericvc/newcandy/astrochem/networks/just_grains.chm
[phys]
chi = 5.000e+01
cosmic = 1.30e-17
grain_size = 1.00e-01
grain_gas_mass_ratio = 9.99e-03
[solver]
ti = 1.00e-06
tf = 1.00e+02
abs_err = 1.0e-20
rel_err = 1.0e-10
[abundances]
H2 = 4.999999999999969e-01
grainH2 = 1.928832179913406e-17
He = 9.749999999999996e-02
grainH2O = 1.558310511987890e-05
H2O = 4.416473215270860e-06
CO = 1.999999775977999e-05
grainCO = 3.542634223537831e-18
grain = 2.199953616866451e-12
[output]
abundances = all
time_steps = 64
trace_routes = 0