[files]
source = /Users/ericvc/newcandy/examples/ice_check_parallel/z08/source.mdl
chem = /Users/ericvc/newcandy/astrochem/networks/just_grains.chm
[phys]
chi = 5.000e+01
cosmic = 1.30e-17
grain_size = 1.00e-01
grain_gas_mass_ratio = 9.99e-03
[solver]
ti = 1.00e-06
tf = 1.00e+02
abs_err = 1.0e-20
rel_err = 1.0e-10
[abundances]
H2 = 4.999999999957717e-01
grainH2 = 4.228724574081267e-12
He = 9.750000000000000e-02
grainHe = 8.381271381867188e-18
grainH2O = 1.999999999418959e-05
H2O = 5.810404585046147e-15
CO = 1.999979136313623e-05
grainCO = 2.086368637944255e-10
grain = 2.200000000000000e-12
[output]
abundances = all
time_steps = 64
trace_routes = 0