[files]
source = /Users/ericvc/newcandy/examples/ice_check_parallel/z08/source.mdl
chem = /Users/ericvc/newcandy/astrochem/networks/just_grains.chm
[phys]
chi = 5.000e+01
cosmic = 1.30e-17
grain_size = 1.00e-01
grain_gas_mass_ratio = 8.97e-03
[solver]
ti = 1.00e-06
tf = 1.00e+02
abs_err = 1.0e-20
rel_err = 1.0e-10
[abundances]
H2 = 4.999999999793520e-01
grainH2 = 3.729751868575719e-12
He = 9.750000000000000e-02
grainHe = 7.484693262785290e-18
grainH2O = 1.795411433470200e-05
H2O = 5.810404641132778e-15
CO = 1.998502429580253e-05
grainCO = 1.794030798576972e-10
grain = 1.974952577422453e-12
[output]
abundances = all
time_steps = 64
trace_routes = 0