[files]
source = /Users/ericvc/newcandy/examples/ice_check_parallel/z08/source.mdl
chem = /Users/ericvc/newcandy/astrochem/networks/just_grains.chm
[phys]
chi = 5.000e+01
cosmic = 1.30e-17
grain_size = 1.00e-01
grain_gas_mass_ratio = 7.29e-03
[solver]
ti = 1.00e-06
tf = 1.00e+02
abs_err = 1.0e-20
rel_err = 1.0e-10
[abundances]
H2 = 4.999999999400114e-01
grainH2 = 3.004798507810341e-12
He = 9.750000000000000e-02
grainHe = 6.068835447283932e-18
grainH2O = 1.460315123946039e-05
H2O = 5.810404843548756e-15
CO = 1.994112163559244e-05
grainCO = 1.424562151909207e-10
grain = 1.606346636893941e-12
[output]
abundances = all
time_steps = 64
trace_routes = 0