[files]
source = /Users/ericvc/newcandy/examples/ice_check_parallel/z08/source.mdl
chem = /Users/ericvc/newcandy/astrochem/networks/just_grains.chm
[phys]
chi = 5.000e+01
cosmic = 1.30e-17
grain_size = 1.00e-01
grain_gas_mass_ratio = 9.98e-03
[solver]
ti = 1.00e-06
tf = 1.00e+02
abs_err = 1.0e-20
rel_err = 1.0e-10
[abundances]
H2 = 4.999999999956765e-01
grainH2 = 4.221376736946747e-12
He = 9.750000000000000e-02
grainHe = 8.371813131852058e-18
grainH2O = 1.998190494214578e-05
H2O = 5.810404592886031e-15
CO = 1.999973054439911e-05
grainCO = 2.080122476536891e-10
grain = 2.198009544274870e-12
[output]
abundances = all
time_steps = 64
trace_routes = 0