[files]
source = /Users/ericvc/newcandy/examples/ice_check_parallel/z27/source.mdl
chem = /Users/ericvc/newcandy/astrochem/networks/just_grains.chm
[phys]
chi = 5.000e+01
cosmic = 1.30e-17
grain_size = 1.00e-01
grain_gas_mass_ratio = 9.99e-03
[solver]
ti = 1.00e-06
tf = 1.00e+02
abs_err = 1.0e-20
rel_err = 1.0e-10
[abundances]
H2 = 5.000000000000000e-01
grainH2 = 1.049979290053918e-19
He = 9.750000000000000e-02
grainH2O = 2.085960313893210e-07
H2O = 1.979140396860880e-05
CO = 1.999999999999998e-05
grainCO = 1.928468997634961e-20
grain = 2.199999999999806e-12
[output]
abundances = all
time_steps = 64
trace_routes = 0