[files]
source = /Users/ericvc/newcandy/examples/ice_check_parallel/z15/source.mdl
chem = /Users/ericvc/newcandy/astrochem/networks/just_grains.chm
[phys]
chi = 5.000e+01
cosmic = 1.30e-17
grain_size = 1.00e-01
grain_gas_mass_ratio = 9.99e-03
[solver]
ti = 1.00e-06
tf = 1.00e+02
abs_err = 1.0e-20
rel_err = 1.0e-10
[abundances]
H2 = 4.999999999999971e-01
grainH2 = 1.886576951121420e-15
He = 9.750000000000000e-02
grainHe = 2.182812163270267e-19
grainH2O = 1.999999984732285e-05
H2O = 6.772214444999694e-14
CO = 1.999999999930846e-05
grainCO = 4.145860726752874e-16
grain = 2.199999990654960e-12
[output]
abundances = all
time_steps = 64
trace_routes = 0