[files]
source = /Users/ericvc/newcandy/examples/ice_check_faster/z00/source.mdl
chem = /Users/ericvc/newcandy/astrochem/networks/just_grains.chm
[phys]
chi = 5.000e+01
cosmic = 1.30e-17
grain_size = 1.00e-01
grain_gas_mass_ratio = 2.32e-03
[solver]
ti = 1.00e-06
tf = 1.00e+02
abs_err = 1.0e-20
rel_err = 1.0e-10
[abundances]
H2 = 4.999999996378614e-01
grainH2 = 9.996833357983211e-11
He = 9.750000000000000e-02
grainHe = 1.269773006989620e-17
grainH2O = 4.636536978929771e-06
H2O = 2.069469421346139e-15
CO = 1.953437048619915e-05
grainCO = 1.377337251509279e-07
grain = 5.100190677176509e-13
[output]
abundances = all
time_steps = 64
trace_routes = 0