[files]
source = /Users/ericvc/newcandy/examples/ice_check_faster/z00/source.mdl
chem = /Users/ericvc/newcandy/astrochem/networks/just_grains.chm
[phys]
chi = 5.000e+01
cosmic = 1.30e-17
grain_size = 1.00e-01
grain_gas_mass_ratio = 3.15e-03
[solver]
ti = 1.00e-06
tf = 1.00e+02
abs_err = 1.0e-20
rel_err = 1.0e-10
[abundances]
H2 = 4.999999996140248e-01
grainH2 = 1.359207691813232e-10
He = 9.750000000000000e-02
grainHe = 1.726062047093847e-17
grainH2O = 6.300863158340852e-06
H2O = 2.069606881062062e-15
CO = 1.949115284135934e-05
grainCO = 1.868853171341258e-07
grain = 6.930949474776013e-13
[output]
abundances = all
time_steps = 64
trace_routes = 0