[files]
source = /Users/ericvc/newcandy/examples/ice_check_faster/z00/source.mdl
chem = /Users/ericvc/newcandy/astrochem/networks/just_grains.chm
[phys]
chi = 5.000e+01
cosmic = 1.30e-17
grain_size = 1.00e-01
grain_gas_mass_ratio = 1.95e-03
[solver]
ti = 1.00e-06
tf = 1.00e+02
abs_err = 1.0e-20
rel_err = 1.0e-10
[abundances]
H2 = 4.999999996514379e-01
grainH2 = 8.415470241593231e-11
He = 9.750000000000000e-02
grainHe = 1.069014219262124e-17
grainH2O = 3.903936505300173e-06
H2O = 2.069389650929275e-15
CO = 1.955904069774017e-05
grainCO = 1.160839719311264e-07
grain = 4.294330156065383e-13
[output]
abundances = all
time_steps = 64
trace_routes = 0