[files]
source = /Users/ericvc/newcandy/examples/ice_check_faster/z00/source.mdl
chem = /Users/ericvc/newcandy/astrochem/networks/just_grains.chm
[phys]
chi = 5.000e+01
cosmic = 1.30e-17
grain_size = 1.00e-01
grain_gas_mass_ratio = 4.01e-03
[solver]
ti = 1.00e-06
tf = 1.00e+02
abs_err = 1.0e-20
rel_err = 1.0e-10
[abundances]
H2 = 4.999999995973892e-01
grainH2 = 1.733196188352370e-10
He = 9.750000000000000e-02
grainHe = 2.200668251235156e-17
grainH2O = 8.031813898198512e-06
H2O = 2.069702569692700e-15
CO = 1.946107893609343e-05
grainCO = 2.379663151952780e-07
grain = 8.834995288856446e-13
[output]
abundances = all
time_steps = 64
trace_routes = 0