[files]
source = /Users/ericvc/newcandy/examples/ice_check_faster/z00/source.mdl
chem = /Users/ericvc/newcandy/astrochem/networks/just_grains.chm
[phys]
chi = 5.000e+01
cosmic = 1.30e-17
grain_size = 1.00e-01
grain_gas_mass_ratio = 5.73e-03
[solver]
ti = 1.00e-06
tf = 1.00e+02
abs_err = 1.0e-20
rel_err = 1.0e-10
[abundances]
H2 = 4.999999995789544e-01
grainH2 = 2.475259920606237e-10
He = 9.750000000000000e-02
grainHe = 3.142437621065503e-17
grainH2O = 1.146694499716713e-05
H2O = 2.069808233414421e-15
CO = 1.942787636348870e-05
grainCO = 3.393061206558559e-07
grain = 1.261363949815909e-12
[output]
abundances = all
time_steps = 64
trace_routes = 0