[files]
source = /Users/ericvc/newcandy/examples/ice_check_faster/z00/source.mdl
chem = /Users/ericvc/newcandy/astrochem/networks/just_grains.chm
[phys]
chi = 5.000e+01
cosmic = 1.30e-17
grain_size = 1.00e-01
grain_gas_mass_ratio = 4.70e-03
[solver]
ti = 1.00e-06
tf = 1.00e+02
abs_err = 1.0e-20
rel_err = 1.0e-10
[abundances]
H2 = 4.999999995881454e-01
grainH2 = 2.032804326955522e-10
He = 9.750000000000000e-02
grainHe = 2.580894279626375e-17
grainH2O = 9.418624947899549e-06
H2O = 2.069755627453689e-15
CO = 1.944440602714158e-05
grainCO = 2.788785387339098e-07
grain = 1.036048744370818e-12
[output]
abundances = all
time_steps = 64
trace_routes = 0