[files]
source = /Users/ericvc/newcandy/examples/ice_check_faster/z00/source.mdl
chem = /Users/ericvc/newcandy/astrochem/networks/just_grains.chm
[phys]
chi = 5.000e+01
cosmic = 1.30e-17
grain_size = 1.00e-01
grain_gas_mass_ratio = 2.86e-03
[solver]
ti = 1.00e-06
tf = 1.00e+02
abs_err = 1.0e-20
rel_err = 1.0e-10
[abundances]
H2 = 4.999999996211261e-01
grainH2 = 1.236705003094725e-10
He = 9.750000000000000e-02
grainHe = 1.570598128687578e-17
grainH2O = 5.733855516448962e-06
H2O = 2.069565976040373e-15
CO = 1.950401119429820e-05
grainCO = 1.701451690476153e-07
grain = 6.307241068613369e-13
[output]
abundances = all
time_steps = 64
trace_routes = 0