[files]
source = /Users/ericvc/newcandy/examples/ice_check_parallel/z09/source.mdl
chem = /Users/ericvc/newcandy/astrochem/networks/just_grains.chm
[phys]
chi = 5.000e+01
cosmic = 1.30e-17
grain_size = 1.00e-01
grain_gas_mass_ratio = 9.99e-03
[solver]
ti = 1.00e-06
tf = 1.00e+02
abs_err = 1.0e-20
rel_err = 1.0e-10
[abundances]
H2 = 4.999999999988643e-01
grainH2 = 1.129851091630470e-12
He = 9.750000000000000e-02
grainHe = 5.099772633647281e-18
grainH2O = 1.999863550717482e-05
H2O = 7.444159233155182e-15
CO = 1.999997589620866e-05
grainCO = 1.966926866977657e-11
grain = 2.199849906608068e-12
[output]
abundances = all
time_steps = 64
trace_routes = 0