[files]
source = /Users/ericvc/newcandy/examples/ice_check_parallel/z09/source.mdl
chem = /Users/ericvc/newcandy/astrochem/networks/just_grains.chm
[phys]
chi = 5.000e+01
cosmic = 1.30e-17
grain_size = 1.00e-01
grain_gas_mass_ratio = 9.96e-03
[solver]
ti = 1.00e-06
tf = 1.00e+02
abs_err = 1.0e-20
rel_err = 1.0e-10
[abundances]
H2 = 4.999999999985731e-01
grainH2 = 1.125687338435120e-12
He = 9.750000000000000e-02
grainHe = 5.085693241038231e-18
grainH2O = 1.995065552200351e-05
H2O = 7.444159289959684e-15
CO = 1.999978121622649e-05
grainCO = 1.956006064417569e-11
grain = 2.194572108238393e-12
[output]
abundances = all
time_steps = 64
trace_routes = 0