[files]
source = /Users/ericvc/newcandy/examples/ice_check_parallel/z09/source.mdl
chem = /Users/ericvc/newcandy/astrochem/networks/just_grains.chm
[phys]
chi = 5.000e+01
cosmic = 1.30e-17
grain_size = 1.00e-01
grain_gas_mass_ratio = 8.13e-03
[solver]
ti = 1.00e-06
tf = 1.00e+02
abs_err = 1.0e-20
rel_err = 1.0e-10
[abundances]
H2 = 4.999999999615918e-01
grainH2 = 9.016128166321592e-13
He = 9.750000000000000e-02
grainHe = 4.127343620260698e-18
grainH2O = 1.628744867762165e-05
H2O = 7.444160006450096e-15
CO = 1.996231378850282e-05
grainCO = 1.524074838715508e-11
grain = 1.791619355297701e-12
[output]
abundances = all
time_steps = 64
trace_routes = 0