[files]
source = /Users/ericvc/newcandy/examples/ice_check_parallel/z09/source.mdl
chem = /Users/ericvc/newcandy/astrochem/networks/just_grains.chm
[phys]
chi = 5.000e+01
cosmic = 1.30e-17
grain_size = 1.00e-01
grain_gas_mass_ratio = 8.16e-03
[solver]
ti = 1.00e-06
tf = 1.00e+02
abs_err = 1.0e-20
rel_err = 1.0e-10
[abundances]
H2 = 4.999999999622696e-01
grainH2 = 9.047526869074777e-13
He = 9.750000000000000e-02
grainHe = 4.141334248067323e-18
grainH2O = 1.634192034480410e-05
H2O = 7.444160244837388e-15
CO = 1.996307717664257e-05
grainCO = 1.529711555633138e-11
grain = 1.797611238688607e-12
[output]
abundances = all
time_steps = 64
trace_routes = 0