[files]
source = /Users/ericvc/newcandy/examples/ice_check_parallel/z19/source.mdl
chem = /Users/ericvc/newcandy/astrochem/networks/just_grains.chm
[phys]
chi = 5.000e+01
cosmic = 1.30e-17
grain_size = 1.00e-01
grain_gas_mass_ratio = 9.98e-03
[solver]
ti = 1.00e-06
tf = 1.00e+02
abs_err = 1.0e-20
rel_err = 1.0e-10
[abundances]
H2 = 4.999999999999550e-01
grainH2 = 1.756035417070635e-16
He = 9.750000000000000e-02
grainHe = 2.317086829635699e-20
grainH2O = 1.998659059360772e-05
H2O = 7.617591250336688e-09
CO = 1.999996618067567e-05
grainCO = 3.225257509198884e-17
grain = 2.199362900334283e-12
[output]
abundances = all
time_steps = 64
trace_routes = 0