[files]
source = /Users/ericvc/newcandy/examples/ice_check_parallel/z06/source.mdl
chem = /Users/ericvc/newcandy/astrochem/networks/just_grains.chm
[phys]
chi = 5.000e+01
cosmic = 1.30e-17
grain_size = 1.00e-01
grain_gas_mass_ratio = 8.55e-03
[solver]
ti = 1.00e-06
tf = 1.00e+02
abs_err = 1.0e-20
rel_err = 1.0e-10
[abundances]
H2 = 4.999999999432425e-01
grainH2 = 3.641988888576904e-11
He = 9.750000000000000e-02
grainHe = 1.691745242265676e-17
grainH2O = 1.712871230333897e-05
H2O = 3.840361185883849e-15
CO = 1.997404694286322e-05
grainCO = 1.035511240600108e-08
grain = 1.884158353740971e-12
[output]
abundances = all
time_steps = 64
trace_routes = 0