[files]
source = /Users/ericvc/newcandy/examples/ice_check_parallel/z06/source.mdl
chem = /Users/ericvc/newcandy/astrochem/networks/just_grains.chm
[phys]
chi = 5.000e+01
cosmic = 1.30e-17
grain_size = 1.00e-01
grain_gas_mass_ratio = 9.86e-03
[solver]
ti = 1.00e-06
tf = 1.00e+02
abs_err = 1.0e-20
rel_err = 1.0e-10
[abundances]
H2 = 4.999999999558900e-01
grainH2 = 4.269894491695453e-11
He = 9.750000000000000e-02
grainHe = 1.961143697124630e-17
grainH2O = 1.974278192746416e-05
H2O = 3.840358942160407e-15
CO = 1.998677058835593e-05
grainCO = 1.239626370166507e-08
grain = 2.171706012438959e-12
[output]
abundances = all
time_steps = 64
trace_routes = 0