[files]
source = /Users/ericvc/newcandy/examples/ice_check_parallel/z06/source.mdl
chem = /Users/ericvc/newcandy/astrochem/networks/just_grains.chm
[phys]
chi = 5.000e+01
cosmic = 1.30e-17
grain_size = 1.00e-01
grain_gas_mass_ratio = 6.62e-03
[solver]
ti = 1.00e-06
tf = 1.00e+02
abs_err = 1.0e-20
rel_err = 1.0e-10
[abundances]
H2 = 4.999999999081880e-01
grainH2 = 2.794907439815655e-11
He = 9.750000000000000e-02
grainHe = 1.304811880107759e-17
grainH2O = 1.325282260196171e-05
H2O = 3.840366623658915e-15
CO = 1.993074321371448e-05
grainCO = 7.869596732205112e-09
grain = 1.457810486528838e-12
[output]
abundances = all
time_steps = 64
trace_routes = 0