[files]
source = /Users/ericvc/newcandy/examples/ice_check_parallel/z06/source.mdl
chem = /Users/ericvc/newcandy/astrochem/networks/just_grains.chm
[phys]
chi = 5.000e+01
cosmic = 1.30e-17
grain_size = 1.00e-01
grain_gas_mass_ratio = 4.89e-03
[solver]
ti = 1.00e-06
tf = 1.00e+02
abs_err = 1.0e-20
rel_err = 1.0e-10
[abundances]
H2 = 4.999999998595899e-01
grainH2 = 2.061082559399871e-11
He = 9.750000000000000e-02
grainHe = 9.634232361164055e-18
grainH2O = 9.795445514955184e-06
H2O = 3.840374546002076e-15
CO = 1.986348640038142e-05
grainCO = 5.776924430220165e-09
grain = 1.077499006908542e-12
[output]
abundances = all
time_steps = 64
trace_routes = 0