[files]
source = /Users/ericvc/newcandy/examples/ice_check_faster/z08/source.mdl
chem = /Users/ericvc/newcandy/astrochem/networks/just_grains.chm
[phys]
chi = 5.000e+01
cosmic = 1.30e-17
grain_size = 1.00e-01
grain_gas_mass_ratio = 9.99e-03
[solver]
ti = 1.00e-06
tf = 1.00e+02
abs_err = 1.0e-20
rel_err = 1.0e-10
[abundances]
H2 = 4.999999999999996e-01
grainH2 = 4.333647997416693e-18
He = 9.750000000000000e-02
grainH2O = 5.991168777917137e-06
H2O = 1.400882049341586e-05
CO = 1.999999987317170e-05
grainCO = 7.959495676960484e-19
grain = 2.199998819846622e-12
[output]
abundances = all
time_steps = 64
trace_routes = 0