[files]
source = /Users/ericvc/newcandy/examples/ice_check_faster/z08/source.mdl
chem = /Users/ericvc/newcandy/astrochem/networks/just_grains.chm
[phys]
chi = 5.000e+01
cosmic = 1.30e-17
grain_size = 1.00e-01
grain_gas_mass_ratio = 9.99e-03
[solver]
ti = 1.00e-06
tf = 1.00e+02
abs_err = 1.0e-20
rel_err = 1.0e-10
[abundances]
H2 = 5.000000000000000e-01
grainH2 = 4.333657695798730e-18
He = 9.750000000000000e-02
grainH2O = 5.991178387864546e-06
H2O = 1.400882064844724e-05
CO = 1.999999998878072e-05
grainCO = 7.959513649965645e-19
grain = 2.199999893994299e-12
[output]
abundances = all
time_steps = 64
trace_routes = 0