[files]
source = /Users/ericvc/newcandy/examples/ice_check_parallel/z00/source.mdl
chem = /Users/ericvc/newcandy/astrochem/networks/just_grains.chm
[phys]
chi = 5.000e+01
cosmic = 1.30e-17
grain_size = 1.00e-01
grain_gas_mass_ratio = 8.62e-03
[solver]
ti = 1.00e-06
tf = 1.00e+02
abs_err = 1.0e-20
rel_err = 1.0e-10
[abundances]
H2 = 4.999999995522988e-01
grainH2 = 3.867930026866461e-10
He = 9.750000000000000e-02
grainHe = 4.872989808648642e-17
grainH2O = 1.726208165014413e-05
H2O = 2.012850845938527e-15
CO = 1.938223352599838e-05
grainCO = 5.338215353240671e-07
grain = 1.898828981706795e-12
[output]
abundances = all
time_steps = 64
trace_routes = 0