[files]
source = /Users/ericvc/newcandy/examples/ice_check_parallel/z00/source.mdl
chem = /Users/ericvc/newcandy/astrochem/networks/just_grains.chm
[phys]
chi = 5.000e+01
cosmic = 1.30e-17
grain_size = 1.00e-01
grain_gas_mass_ratio = 2.14e-03
[solver]
ti = 1.00e-06
tf = 1.00e+02
abs_err = 1.0e-20
rel_err = 1.0e-10
[abundances]
H2 = 4.999999996216189e-01
grainH2 = 9.608113099261094e-11
He = 9.750000000000000e-02
grainHe = 1.210480767150827e-17
grainH2O = 4.287357651941450e-06
H2O = 2.012465577649530e-15
CO = 1.950219477717259e-05
grainCO = 1.334238434927221e-07
grain = 4.716093417426428e-13
[output]
abundances = all
time_steps = 64
trace_routes = 0