[files]
source = /Users/ericvc/newcandy/examples/ice_check_parallel/z00/source.mdl
chem = /Users/ericvc/newcandy/astrochem/networks/just_grains.chm
[phys]
chi = 5.000e+01
cosmic = 1.30e-17
grain_size = 1.00e-01
grain_gas_mass_ratio = 5.71e-03
[solver]
ti = 1.00e-06
tf = 1.00e+02
abs_err = 1.0e-20
rel_err = 1.0e-10
[abundances]
H2 = 4.999999995604874e-01
grainH2 = 2.564113254522181e-10
He = 9.750000000000000e-02
grainHe = 3.230383751035856e-17
grainH2O = 1.144306099869014e-05
H2O = 2.012805765925824e-15
CO = 1.939620413905965e-05
grainCO = 3.541340149270824e-07
grain = 1.258736709979931e-12
[output]
abundances = all
time_steps = 64
trace_routes = 0