[files]
source = /Users/ericvc/newcandy/examples/ice_check_faster/z06/source.mdl
chem = /Users/ericvc/newcandy/astrochem/networks/just_grains.chm
[phys]
chi = 5.000e+01
cosmic = 1.30e-17
grain_size = 1.00e-01
grain_gas_mass_ratio = 9.99e-03
[solver]
ti = 1.00e-06
tf = 1.00e+02
abs_err = 1.0e-20
rel_err = 1.0e-10
[abundances]
H2 = 4.999999999999654e-01
grainH2 = 3.965720426958994e-16
He = 9.750000000000000e-02
grainHe = 5.173767154001397e-20
grainH2O = 1.999715349529391e-05
H2O = 4.073466382001079e-10
CO = 1.999997014579976e-05
grainCO = 7.404970628823267e-17
grain = 2.199731692612510e-12
[output]
abundances = all
time_steps = 64
trace_routes = 0