[files]
source = /Users/ericvc/newcandy/examples/ice_check_faster/z06/source.mdl
chem = /Users/ericvc/newcandy/astrochem/networks/just_grains.chm
[phys]
chi = 5.000e+01
cosmic = 1.30e-17
grain_size = 1.00e-01
grain_gas_mass_ratio = 9.99e-03
[solver]
ti = 1.00e-06
tf = 1.00e+02
abs_err = 1.0e-20
rel_err = 1.0e-10
[abundances]
H2 = 4.999999999999964e-01
grainH2 = 3.966357676094951e-16
He = 9.750000000000000e-02
grainHe = 5.174568563806147e-20
grainH2O = 1.999946410920896e-05
H2O = 4.073466073246329e-10
CO = 1.999999848417777e-05
grainCO = 7.406237533217893e-17
grain = 2.199985860139818e-12
[output]
abundances = all
time_steps = 64
trace_routes = 0