[files]
source = /Users/ericvc/newcandy/examples/ice_check_faster/z06/source.mdl
chem = /Users/ericvc/newcandy/astrochem/networks/just_grains.chm
[phys]
chi = 5.000e+01
cosmic = 1.30e-17
grain_size = 1.00e-01
grain_gas_mass_ratio = 9.99e-03
[solver]
ti = 1.00e-06
tf = 1.00e+02
abs_err = 1.0e-20
rel_err = 1.0e-10
[abundances]
H2 = 4.999999999999999e-01
grainH2 = 3.966401736230246e-16
He = 9.750000000000000e-02
grainHe = 5.174622926345037e-20
grainH2O = 1.999959261653845e-05
H2O = 4.073466287438589e-10
CO = 1.999999999950858e-05
grainCO = 7.406327265080041e-17
grain = 2.199999995948398e-12
[output]
abundances = all
time_steps = 64
trace_routes = 0