[files]
source = /Users/ericvc/newcandy/examples/ice_check_faster/z06/source.mdl
chem = /Users/ericvc/newcandy/astrochem/networks/just_grains.chm
[phys]
chi = 5.000e+01
cosmic = 1.30e-17
grain_size = 1.00e-01
grain_gas_mass_ratio = 9.97e-03
[solver]
ti = 1.00e-06
tf = 1.00e+02
abs_err = 1.0e-20
rel_err = 1.0e-10
[abundances]
H2 = 4.999999999996592e-01
grainH2 = 3.959908232512277e-16
He = 9.750000000000000e-02
grainHe = 5.166356922976673e-20
grainH2O = 1.997306769788993e-05
H2O = 4.073472067065870e-10
CO = 1.999965854770427e-05
grainCO = 7.393617837122370e-17
grain = 2.197082254960242e-12
[output]
abundances = all
time_steps = 64
trace_routes = 0