[files]
source = /Users/ericvc/newcandy/examples/ice_check_faster/z06/source.mdl
chem = /Users/ericvc/newcandy/astrochem/networks/just_grains.chm
[phys]
chi = 5.000e+01
cosmic = 1.30e-17
grain_size = 1.00e-01
grain_gas_mass_ratio = 9.95e-03
[solver]
ti = 1.00e-06
tf = 1.00e+02
abs_err = 1.0e-20
rel_err = 1.0e-10
[abundances]
H2 = 4.999999999990532e-01
grainH2 = 3.949210613809873e-16
He = 9.750000000000000e-02
grainHe = 5.152626714039181e-20
grainH2O = 1.992599908373017e-05
H2O = 4.085790908250926e-10
CO = 1.999902384236131e-05
grainCO = 7.372902712681083e-17
grain = 2.191904842909242e-12
[output]
abundances = all
time_steps = 64
trace_routes = 0