[files]
source = /Users/ericvc/newcandy/examples/ice_check_faster/z06/source.mdl
chem = /Users/ericvc/newcandy/astrochem/networks/just_grains.chm
[phys]
chi = 5.000e+01
cosmic = 1.30e-17
grain_size = 1.00e-01
grain_gas_mass_ratio = 9.85e-03
[solver]
ti = 1.00e-06
tf = 1.00e+02
abs_err = 1.0e-20
rel_err = 1.0e-10
[abundances]
H2 = 4.999999999964468e-01
grainH2 = 3.906264704029577e-16
He = 9.750000000000000e-02
grainHe = 5.097219330693436e-20
grainH2O = 1.972840590495567e-05
H2O = 4.147952037144884e-10
CO = 1.999622557104388e-05
grainCO = 7.290301798917735e-17
grain = 2.170170277013656e-12
[output]
abundances = all
time_steps = 64
trace_routes = 0