[files]
source = /Users/ericvc/newcandy/examples/ice_check_faster/z05/source.mdl
chem = /Users/ericvc/newcandy/astrochem/networks/just_grains.chm
[phys]
chi = 5.000e+01
cosmic = 1.30e-17
grain_size = 1.00e-01
grain_gas_mass_ratio = 9.96e-03
[solver]
ti = 1.00e-06
tf = 1.00e+02
abs_err = 1.0e-20
rel_err = 1.0e-10
[abundances]
H2 = 4.999999999991814e-01
grainH2 = 2.226888333370616e-15
He = 9.750000000000000e-02
grainHe = 2.336582692675609e-19
grainH2O = 1.993582589466929e-05
H2O = 6.466678074749641e-14
CO = 1.999917217038595e-05
grainCO = 6.764000508625480e-16
grain = 2.192940855526051e-12
[output]
abundances = all
time_steps = 64
trace_routes = 0