[files]
source = /Users/ericvc/newcandy/examples/ice_check_faster/z05/source.mdl
chem = /Users/ericvc/newcandy/astrochem/networks/just_grains.chm
[phys]
chi = 5.000e+01
cosmic = 1.30e-17
grain_size = 1.00e-01
grain_gas_mass_ratio = 9.99e-03
[solver]
ti = 1.00e-06
tf = 1.00e+02
abs_err = 1.0e-20
rel_err = 1.0e-10
[abundances]
H2 = 4.999999999999970e-01
grainH2 = 2.237814166795921e-15
He = 9.750000000000000e-02
grainHe = 2.345525238277780e-19
grainH2O = 1.999999736737055e-05
H2O = 6.466676408233387e-14
CO = 1.999999997012053e-05
grainCO = 6.816367540037491e-16
grain = 2.199999717524090e-12
[output]
abundances = all
time_steps = 64
trace_routes = 0