[files]
source = /Users/ericvc/newcandy/examples/ice_check_faster/z05/source.mdl
chem = /Users/ericvc/newcandy/astrochem/networks/just_grains.chm
[phys]
chi = 5.000e+01
cosmic = 1.30e-17
grain_size = 1.00e-01
grain_gas_mass_ratio = 9.91e-03
[solver]
ti = 1.00e-06
tf = 1.00e+02
abs_err = 1.0e-20
rel_err = 1.0e-10
[abundances]
H2 = 4.999999999978677e-01
grainH2 = 2.212140186878856e-15
He = 9.750000000000000e-02
grainHe = 2.323373128204734e-19
grainH2O = 1.983410597676272e-05
H2O = 6.466681922135702e-14
CO = 1.999778589846164e-05
grainCO = 6.701745003598743e-16
grain = 2.181751664554880e-12
[output]
abundances = all
time_steps = 64
trace_routes = 0