[files]
source = /Users/ericvc/newcandy/examples/ice_check_faster/z05/source.mdl
chem = /Users/ericvc/newcandy/astrochem/networks/just_grains.chm
[phys]
chi = 5.000e+01
cosmic = 1.30e-17
grain_size = 1.00e-01
grain_gas_mass_ratio = 9.87e-03
[solver]
ti = 1.00e-06
tf = 1.00e+02
abs_err = 1.0e-20
rel_err = 1.0e-10
[abundances]
H2 = 4.999999999968806e-01
grainH2 = 2.201773022774157e-15
He = 9.750000000000000e-02
grainHe = 2.313801990162304e-19
grainH2O = 1.975880894413986e-05
H2O = 6.466685864426940e-14
CO = 1.999673040874246e-05
grainCO = 6.660100426357668e-16
grain = 2.173468990965290e-12
[output]
abundances = all
time_steps = 64
trace_routes = 0