[files]
source = /Users/ericvc/newcandy/examples/ice_check_parallel/z13/source.mdl
chem = /Users/ericvc/newcandy/astrochem/networks/just_grains.chm
[phys]
chi = 5.000e+01
cosmic = 1.30e-17
grain_size = 1.00e-01
grain_gas_mass_ratio = 9.98e-03
[solver]
ti = 1.00e-06
tf = 1.00e+02
abs_err = 1.0e-20
rel_err = 1.0e-10
[abundances]
H2 = 4.999999999998647e-01
grainH2 = 9.911869737894432e-15
He = 9.750000000000000e-02
grainHe = 6.266901757334701e-19
grainH2O = 1.998153992308897e-05
H2O = 2.790911922948982e-14
CO = 1.999990787379299e-05
grainCO = 4.967449179396040e-15
grain = 2.197969394609479e-12
[output]
abundances = all
time_steps = 64
trace_routes = 0