[files]
source = /Users/ericvc/newcandy/examples/ice_check_parallel/z13/source.mdl
chem = /Users/ericvc/newcandy/astrochem/networks/just_grains.chm
[phys]
chi = 5.000e+01
cosmic = 1.30e-17
grain_size = 1.00e-01
grain_gas_mass_ratio = 9.74e-03
[solver]
ti = 1.00e-06
tf = 1.00e+02
abs_err = 1.0e-20
rel_err = 1.0e-10
[abundances]
H2 = 4.999999999957381e-01
grainH2 = 9.654593832542623e-15
He = 9.750000000000000e-02
grainHe = 6.111548945378521e-19
grainH2O = 1.950717171262982e-05
H2O = 2.790912139897941e-14
CO = 1.999615896978408e-05
grainCO = 4.827513417244852e-15
grain = 2.145788891451170e-12
[output]
abundances = all
time_steps = 64
trace_routes = 0