[files]
source = /Users/ericvc/newcandy/examples/ice_check_parallel/z10/source.mdl
chem = /Users/ericvc/newcandy/astrochem/networks/just_grains.chm
[phys]
chi = 5.000e+01
cosmic = 1.30e-17
grain_size = 1.00e-01
grain_gas_mass_ratio = 9.99e-03
[solver]
ti = 1.00e-06
tf = 1.00e+02
abs_err = 1.0e-20
rel_err = 1.0e-10
[abundances]
H2 = 4.999999999996987e-01
grainH2 = 3.028157468633249e-13
He = 9.750000000000000e-02
grainHe = 3.042778850023185e-18
grainH2O = 1.999992895475642e-05
H2O = 9.831208610079056e-15
CO = 1.999999793272703e-05
grainCO = 1.843754389075617e-12
grain = 2.199992186104640e-12
[output]
abundances = all
time_steps = 64
trace_routes = 0