[files]
source = /Users/ericvc/newcandy/examples/ice_check_parallel/z10/source.mdl
chem = /Users/ericvc/newcandy/astrochem/networks/just_grains.chm
[phys]
chi = 5.000e+01
cosmic = 1.30e-17
grain_size = 1.00e-01
grain_gas_mass_ratio = 9.98e-03
[solver]
ti = 1.00e-06
tf = 1.00e+02
abs_err = 1.0e-20
rel_err = 1.0e-10
[abundances]
H2 = 4.999999999996491e-01
grainH2 = 3.026075623894164e-13
He = 9.750000000000000e-02
grainHe = 3.041262380697969e-18
grainH2O = 1.999156229407496e-05
H2O = 9.831208540112679e-15
CO = 1.999996597848601e-05
grainCO = 1.841790609481553e-12
grain = 2.199071853429533e-12
[output]
abundances = all
time_steps = 64
trace_routes = 0