[files]
source = /Users/ericvc/newcandy/examples/ice_check_parallel/z10/source.mdl
chem = /Users/ericvc/newcandy/astrochem/networks/just_grains.chm
[phys]
chi = 5.000e+01
cosmic = 1.30e-17
grain_size = 1.00e-01
grain_gas_mass_ratio = 9.78e-03
[solver]
ti = 1.00e-06
tf = 1.00e+02
abs_err = 1.0e-20
rel_err = 1.0e-10
[abundances]
H2 = 4.999999999966145e-01
grainH2 = 2.951545524514780e-13
He = 9.750000000000000e-02
grainHe = 2.975537453105322e-18
grainH2O = 1.958726953684122e-05
H2O = 9.831208513487967e-15
CO = 1.999750219138565e-05
grainCO = 1.785426156640046e-12
grain = 2.154599650127023e-12
[output]
abundances = all
time_steps = 64
trace_routes = 0