[files]
source = /Users/ericvc/newcandy/examples/ice_check_parallel/z10/source.mdl
chem = /Users/ericvc/newcandy/astrochem/networks/just_grains.chm
[phys]
chi = 5.000e+01
cosmic = 1.30e-17
grain_size = 1.00e-01
grain_gas_mass_ratio = 8.79e-03
[solver]
ti = 1.00e-06
tf = 1.00e+02
abs_err = 1.0e-20
rel_err = 1.0e-10
[abundances]
H2 = 4.999999999764750e-01
grainH2 = 2.627378187273375e-13
He = 9.750000000000000e-02
grainHe = 2.664631176768269e-18
grainH2O = 1.759295532611068e-05
H2O = 9.831208598159652e-15
CO = 1.997726790106723e-05
grainCO = 1.569595412311440e-12
grain = 1.935225086914702e-12
[output]
abundances = all
time_steps = 64
trace_routes = 0