[files]
source = /Users/ericvc/newcandy/examples/ice_check_faster/z03/source.mdl
chem = /Users/ericvc/newcandy/astrochem/networks/just_grains.chm
[phys]
chi = 5.000e+01
cosmic = 1.30e-17
grain_size = 1.00e-01
grain_gas_mass_ratio = 8.04e-03
[solver]
ti = 1.00e-06
tf = 1.00e+02
abs_err = 1.0e-20
rel_err = 1.0e-10
[abundances]
H2 = 4.999999999456569e-01
grainH2 = 6.860897056674865e-13
He = 9.750000000000000e-02
grainHe = 3.500483024644031e-18
grainH2O = 1.609738202947446e-05
H2O = 8.069071751780994e-15
CO = 1.994050360287263e-05
grainCO = 3.189963142531278e-11
grain = 1.770712024074686e-12
[output]
abundances = all
time_steps = 64
trace_routes = 0