[files]
source = /Users/ericvc/newcandy/examples/ice_check_faster/z03/source.mdl
chem = /Users/ericvc/newcandy/astrochem/networks/just_grains.chm
[phys]
chi = 5.000e+01
cosmic = 1.30e-17
grain_size = 1.00e-01
grain_gas_mass_ratio = 8.99e-03
[solver]
ti = 1.00e-06
tf = 1.00e+02
abs_err = 1.0e-20
rel_err = 1.0e-10
[abundances]
H2 = 4.999999999729460e-01
grainH2 = 7.821535882815693e-13
He = 9.750000000000000e-02
grainHe = 3.924817538183141e-18
grainH2O = 1.801056868698605e-05
H2O = 8.069071726474704e-15
CO = 1.997164891067881e-05
grainCO = 3.816852345217500e-11
grain = 1.981162556427738e-12
[output]
abundances = all
time_steps = 64
trace_routes = 0