[files]
source = /Users/ericvc/newcandy/examples/ice_check_faster/z03/source.mdl
chem = /Users/ericvc/newcandy/astrochem/networks/just_grains.chm
[phys]
chi = 5.000e+01
cosmic = 1.30e-17
grain_size = 1.00e-01
grain_gas_mass_ratio = 9.80e-03
[solver]
ti = 1.00e-06
tf = 1.00e+02
abs_err = 1.0e-20
rel_err = 1.0e-10
[abundances]
H2 = 4.999999999945811e-01
grainH2 = 8.845505906616861e-13
He = 9.750000000000000e-02
grainHe = 4.295794143736694e-18
grainH2O = 1.963368959266220e-05
H2O = 8.069071695803906e-15
CO = 1.999531011989582e-05
grainCO = 4.704289832131306e-11
grain = 2.159705856075165e-12
[output]
abundances = all
time_steps = 64
trace_routes = 0