[files]
source = /Users/ericvc/newcandy/examples/ice_check_faster/z03/source.mdl
chem = /Users/ericvc/newcandy/astrochem/networks/just_grains.chm
[phys]
chi = 5.000e+01
cosmic = 1.30e-17
grain_size = 1.00e-01
grain_gas_mass_ratio = 9.37e-03
[solver]
ti = 1.00e-06
tf = 1.00e+02
abs_err = 1.0e-20
rel_err = 1.0e-10
[abundances]
H2 = 4.999999999831445e-01
grainH2 = 8.245994169551051e-13
He = 9.750000000000000e-02
grainHe = 4.093165796129572e-18
grainH2O = 1.875781858060960e-05
H2O = 8.069071714314866e-15
CO = 1.998297366345838e-05
grainCO = 4.145497577613320e-11
grain = 2.063360044736888e-12
[output]
abundances = all
time_steps = 64
trace_routes = 0