[files]
source = /Users/ericvc/newcandy/examples/ice_check_faster/z03/source.mdl
chem = /Users/ericvc/newcandy/astrochem/networks/just_grains.chm
[phys]
chi = 5.000e+01
cosmic = 1.30e-17
grain_size = 1.00e-01
grain_gas_mass_ratio = 9.68e-03
[solver]
ti = 1.00e-06
tf = 1.00e+02
abs_err = 1.0e-20
rel_err = 1.0e-10
[abundances]
H2 = 4.999999999914358e-01
grainH2 = 8.656013537944717e-13
He = 9.750000000000000e-02
grainHe = 4.237705018724577e-18
grainH2O = 1.938724610658596e-05
H2O = 8.069071705606957e-15
CO = 1.999197133282293e-05
grainCO = 4.511650990763158e-11
grain = 2.132597072603249e-12
[output]
abundances = all
time_steps = 64
trace_routes = 0