[files]
source = /Users/ericvc/newcandy/examples/ice_check_faster/z03/source.mdl
chem = /Users/ericvc/newcandy/astrochem/networks/just_grains.chm
[phys]
chi = 5.000e+01
cosmic = 1.30e-17
grain_size = 1.00e-01
grain_gas_mass_ratio = 9.90e-03
[solver]
ti = 1.00e-06
tf = 1.00e+02
abs_err = 1.0e-20
rel_err = 1.0e-10
[abundances]
H2 = 4.999999999969161e-01
grainH2 = 9.016147839545667e-13
He = 9.750000000000000e-02
grainHe = 4.341280458389679e-18
grainH2O = 1.982082684521318e-05
H2O = 8.069071671141700e-15
CO = 1.999774714881467e-05
grainCO = 4.896087954398774e-11
grain = 2.180290953858469e-12
[output]
abundances = all
time_steps = 64
trace_routes = 0