[files]
source = /Users/ericvc/newcandy/examples/ice_check_faster/z03/source.mdl
chem = /Users/ericvc/newcandy/astrochem/networks/just_grains.chm
[phys]
chi = 5.000e+01
cosmic = 1.30e-17
grain_size = 1.00e-01
grain_gas_mass_ratio = 8.80e-03
[solver]
ti = 1.00e-06
tf = 1.00e+02
abs_err = 1.0e-20
rel_err = 1.0e-10
[abundances]
H2 = 4.999999999673886e-01
grainH2 = 7.610337217955021e-13
He = 9.750000000000000e-02
grainHe = 3.835892013459049e-18
grainH2O = 1.761234575681221e-05
H2O = 8.069071740282810e-15
CO = 1.996539058131832e-05
grainCO = 3.667240522002127e-11
grain = 1.937358034103011e-12
[output]
abundances = all
time_steps = 64
trace_routes = 0