[files]
source = /Users/ericvc/newcandy/examples/ice_check_parallel/z23/source.mdl
chem = /Users/ericvc/newcandy/astrochem/networks/just_grains.chm
[phys]
chi = 5.000e+01
cosmic = 1.30e-17
grain_size = 1.00e-01
grain_gas_mass_ratio = 9.99e-03
[solver]
ti = 1.00e-06
tf = 1.00e+02
abs_err = 1.0e-20
rel_err = 1.0e-10
[abundances]
H2 = 4.999999999999993e-01
grainH2 = 4.919923131294036e-18
He = 9.750000000000000e-02
grainH2O = 7.562679534998920e-06
H2O = 1.243717810113016e-05
CO = 1.999999926978610e-05
grainCO = 9.036291323041658e-19
grain = 2.199984339974188e-12
[output]
abundances = all
time_steps = 64
trace_routes = 0