[files]
source = /Users/ericvc/newcandy/examples/ice_check_parallel/z01/source.mdl
chem = /Users/ericvc/newcandy/astrochem/networks/just_grains.chm
[phys]
chi = 5.000e+01
cosmic = 1.30e-17
grain_size = 1.00e-01
grain_gas_mass_ratio = 3.45e-03
[solver]
ti = 1.00e-06
tf = 1.00e+02
abs_err = 1.0e-20
rel_err = 1.0e-10
[abundances]
H2 = 4.999999995996859e-01
grainH2 = 1.488488212558950e-10
He = 9.750000000000000e-02
grainHe = 1.887868856463948e-17
grainH2O = 6.909589883832223e-06
H2O = 2.075747598809851e-15
CO = 1.946412994890503e-05
grainCO = 2.045391244384409e-07
grain = 7.600548872926548e-13
[output]
abundances = all
time_steps = 64
trace_routes = 0