[files]
source = /Users/ericvc/newcandy/examples/ice_check_parallel/z01/source.mdl
chem = /Users/ericvc/newcandy/astrochem/networks/just_grains.chm
[phys]
chi = 5.000e+01
cosmic = 1.30e-17
grain_size = 1.00e-01
grain_gas_mass_ratio = 2.17e-03
[solver]
ti = 1.00e-06
tf = 1.00e+02
abs_err = 1.0e-20
rel_err = 1.0e-10
[abundances]
H2 = 4.999999996299923e-01
grainH2 = 9.340577986267622e-11
He = 9.750000000000000e-02
grainHe = 1.184737604201784e-17
grainH2O = 4.336346526514607e-06
H2O = 2.075582366241208e-15
CO = 1.951637056971501e-05
grainCO = 1.286907970023247e-07
grain = 4.769981179506633e-13
[output]
abundances = all
time_steps = 64
trace_routes = 0