[files]
source = /Users/ericvc/newcandy/examples/ice_check_parallel/z01/source.mdl
chem = /Users/ericvc/newcandy/astrochem/networks/just_grains.chm
[phys]
chi = 5.000e+01
cosmic = 1.30e-17
grain_size = 1.00e-01
grain_gas_mass_ratio = 5.72e-03
[solver]
ti = 1.00e-06
tf = 1.00e+02
abs_err = 1.0e-20
rel_err = 1.0e-10
[abundances]
H2 = 4.999999995768576e-01
grainH2 = 2.465388195600391e-10
He = 9.750000000000000e-02
grainHe = 3.126814688194791e-17
grainH2O = 1.144419742780090e-05
H2O = 2.075875188291869e-15
CO = 1.942377237283355e-05
grainCO = 3.380823784831205e-07
grain = 1.258861717186705e-12
[output]
abundances = all
time_steps = 64
trace_routes = 0