[files]
source = /Users/ericvc/newcandy/examples/ice_check_parallel/z01/source.mdl
chem = /Users/ericvc/newcandy/astrochem/networks/just_grains.chm
[phys]
chi = 5.000e+01
cosmic = 1.30e-17
grain_size = 1.00e-01
grain_gas_mass_ratio = 9.61e-03
[solver]
ti = 1.00e-06
tf = 1.00e+02
abs_err = 1.0e-20
rel_err = 1.0e-10
[abundances]
H2 = 4.999999995691563e-01
grainH2 = 4.143797048203429e-10
He = 9.750000000000000e-02
grainHe = 5.255508920765941e-17
grainH2O = 1.923561424173851e-05
H2O = 2.075919897814249e-15
CO = 1.940960457337843e-05
grainCO = 5.678309338878918e-07
grain = 2.115917566810853e-12
[output]
abundances = all
time_steps = 64
trace_routes = 0