[files]
source = /Users/ericvc/newcandy/examples/ice_check_parallel/z01/source.mdl
chem = /Users/ericvc/newcandy/astrochem/networks/just_grains.chm
[phys]
chi = 5.000e+01
cosmic = 1.30e-17
grain_size = 1.00e-01
grain_gas_mass_ratio = 7.37e-03
[solver]
ti = 1.00e-06
tf = 1.00e+02
abs_err = 1.0e-20
rel_err = 1.0e-10
[abundances]
H2 = 4.999999995711255e-01
grainH2 = 3.177803842253059e-10
He = 9.750000000000000e-02
grainHe = 4.030355883126021e-17
grainH2O = 1.475136664930574e-05
H2O = 2.075908264146368e-15
CO = 1.941330379804526e-05
grainCO = 4.355423460689292e-07
grain = 1.622650331591514e-12
[output]
abundances = all
time_steps = 64
trace_routes = 0