[files]
source = /Users/ericvc/newcandy/examples/ice_check_parallel/z01/source.mdl
chem = /Users/ericvc/newcandy/astrochem/networks/just_grains.chm
[phys]
chi = 5.000e+01
cosmic = 1.30e-17
grain_size = 1.00e-01
grain_gas_mass_ratio = 2.15e-03
[solver]
ti = 1.00e-06
tf = 1.00e+02
abs_err = 1.0e-20
rel_err = 1.0e-10
[abundances]
H2 = 4.999999996304640e-01
grainH2 = 9.277768298332940e-11
He = 9.750000000000000e-02
grainHe = 1.176771949729134e-17
grainH2O = 4.307194743283629e-06
H2O = 2.075579817882843e-15
CO = 1.951717621587885e-05
grainCO = 1.278305968286626e-07
grain = 4.737914217947997e-13
[output]
abundances = all
time_steps = 64
trace_routes = 0