[files]
source = /Users/ericvc/newcandy/examples/ice_check_faster/z07/source.mdl
chem = /Users/ericvc/newcandy/astrochem/networks/just_grains.chm
[phys]
chi = 5.000e+01
cosmic = 1.30e-17
grain_size = 1.00e-01
grain_gas_mass_ratio = 9.99e-03
[solver]
ti = 1.00e-06
tf = 1.00e+02
abs_err = 1.0e-20
rel_err = 1.0e-10
[abundances]
H2 = 5.000000000000000e-01
grainH2 = 7.083297631281880e-17
He = 9.750000000000000e-02
grainH2O = 1.984933771170582e-05
H2O = 1.506618358522808e-07
CO = 1.999999999478211e-05
grainCO = 1.300970409939961e-17
grain = 2.199999950231395e-12
[output]
abundances = all
time_steps = 64
trace_routes = 0