[files]
source = /Users/ericvc/newcandy/examples/ice_check_faster/z07/source.mdl
chem = /Users/ericvc/newcandy/astrochem/networks/just_grains.chm
[phys]
chi = 5.000e+01
cosmic = 1.30e-17
grain_size = 1.00e-01
grain_gas_mass_ratio = 9.99e-03
[solver]
ti = 1.00e-06
tf = 1.00e+02
abs_err = 1.0e-20
rel_err = 1.0e-10
[abundances]
H2 = 4.999999999999939e-01
grainH2 = 7.083092296242254e-17
He = 9.750000000000000e-02
grainH2O = 1.984895937397052e-05
H2O = 1.506618379902646e-07
CO = 1.999999541472111e-05
grainCO = 1.300932239346635e-17
grain = 2.199958333315684e-12
[output]
abundances = all
time_steps = 64
trace_routes = 0