[files]
source = /Users/ericvc/newcandy/examples/ice_check_faster/z07/source.mdl
chem = /Users/ericvc/newcandy/astrochem/networks/just_grains.chm
[phys]
chi = 5.000e+01
cosmic = 1.30e-17
grain_size = 1.00e-01
grain_gas_mass_ratio = 9.93e-03
[solver]
ti = 1.00e-06
tf = 1.00e+02
abs_err = 1.0e-20
rel_err = 1.0e-10
[abundances]
H2 = 4.999999999985549e-01
grainH2 = 7.037224548166773e-17
He = 9.750000000000000e-02
grainH2O = 1.973654357910059e-05
H2O = 1.523342723966659e-07
CO = 1.999848264760451e-05
grainCO = 1.292394821546918e-17
grain = 2.187776563663127e-12
[output]
abundances = all
time_steps = 64
trace_routes = 0