[files]
source = /Users/ericvc/newcandy/examples/ice_check_parallel/z20/source.mdl
chem = /Users/ericvc/newcandy/astrochem/networks/just_grains.chm
[phys]
chi = 5.000e+01
cosmic = 1.30e-17
grain_size = 1.00e-01
grain_gas_mass_ratio = 9.99e-03
[solver]
ti = 1.00e-06
tf = 1.00e+02
abs_err = 1.0e-20
rel_err = 1.0e-10
[abundances]
H2 = 4.999999999999810e-01
grainH2 = 9.286376598432225e-17
He = 9.750000000000000e-02
grainHe = 1.225336385706721e-20
grainH2O = 1.985979970894819e-05
H2O = 1.377836667159478e-07
CO = 1.999998638802743e-05
grainCO = 1.705602770171445e-17
grain = 2.199734171323000e-12
[output]
abundances = all
time_steps = 64
trace_routes = 0