[files]
source = /Users/ericvc/newcandy/examples/ice_check_parallel/z20/source.mdl
chem = /Users/ericvc/newcandy/astrochem/networks/just_grains.chm
[phys]
chi = 5.000e+01
cosmic = 1.30e-17
grain_size = 1.00e-01
grain_gas_mass_ratio = 9.99e-03
[solver]
ti = 1.00e-06
tf = 1.00e+02
abs_err = 1.0e-20
rel_err = 1.0e-10
[abundances]
H2 = 4.999999999999793e-01
grainH2 = 9.286261182864575e-17
He = 9.750000000000000e-02
grainHe = 1.225321156635083e-20
grainH2O = 1.985957233855809e-05
H2O = 1.377836674741037e-07
CO = 1.999998501173409e-05
grainCO = 1.705581443656212e-17
grain = 2.199709160663482e-12
[output]
abundances = all
time_steps = 64
trace_routes = 0