[files]
source = /Users/ericvc/newcandy/examples/ice_check_parallel/z07/source.mdl
chem = /Users/ericvc/newcandy/astrochem/networks/just_grains.chm
[phys]
chi = 5.000e+01
cosmic = 1.30e-17
grain_size = 1.00e-01
grain_gas_mass_ratio = 9.90e-03
[solver]
ti = 1.00e-06
tf = 1.00e+02
abs_err = 1.0e-20
rel_err = 1.0e-10
[abundances]
H2 = 4.999999999845817e-01
grainH2 = 1.444916645520287e-11
He = 9.750000000000000e-02
grainHe = 1.314047767192203e-17
grainH2O = 1.983248262206169e-05
H2O = 4.664109304639542e-15
CO = 1.999754696443381e-05
grainCO = 1.847798551480399e-09
grain = 2.181573088936921e-12
[output]
abundances = all
time_steps = 64
trace_routes = 0