[files]
source = /Users/ericvc/newcandy/examples/ice_check_parallel/z07/source.mdl
chem = /Users/ericvc/newcandy/astrochem/networks/just_grains.chm
[phys]
chi = 5.000e+01
cosmic = 1.30e-17
grain_size = 1.00e-01
grain_gas_mass_ratio = 6.20e-03
[solver]
ti = 1.00e-06
tf = 1.00e+02
abs_err = 1.0e-20
rel_err = 1.0e-10
[abundances]
H2 = 4.999999999069813e-01
grainH2 = 8.797362785193594e-12
He = 9.750000000000000e-02
grainHe = 8.152579381408308e-18
grainH2O = 1.241666896356357e-05
H2O = 4.664111317069822e-15
CO = 1.990963537929679e-05
grainCO = 1.081196581731257e-09
grain = 1.365833586385586e-12
[output]
abundances = all
time_steps = 64
trace_routes = 0