[files]
source = /Users/ericvc/newcandy/examples/ice_check_parallel/z07/source.mdl
chem = /Users/ericvc/newcandy/astrochem/networks/just_grains.chm
[phys]
chi = 5.000e+01
cosmic = 1.30e-17
grain_size = 1.00e-01
grain_gas_mass_ratio = 9.98e-03
[solver]
ti = 1.00e-06
tf = 1.00e+02
abs_err = 1.0e-20
rel_err = 1.0e-10
[abundances]
H2 = 4.999999999853102e-01
grainH2 = 1.462226619331085e-11
He = 9.750000000000000e-02
grainHe = 1.325863730453319e-17
grainH2O = 1.998756594589906e-05
H2O = 4.664109245125143e-15
CO = 1.999808060308401e-05
grainCO = 1.881259342819799e-09
grain = 2.198632254561737e-12
[output]
abundances = all
time_steps = 64
trace_routes = 0