[files]
source = /Users/ericvc/newcandy/examples/ice_check_parallel/z07/source.mdl
chem = /Users/ericvc/newcandy/astrochem/networks/just_grains.chm
[phys]
chi = 5.000e+01
cosmic = 1.30e-17
grain_size = 1.00e-01
grain_gas_mass_ratio = 8.03e-03
[solver]
ti = 1.00e-06
tf = 1.00e+02
abs_err = 1.0e-20
rel_err = 1.0e-10
[abundances]
H2 = 4.999999999540785e-01
grainH2 = 1.147252223297607e-11
He = 9.750000000000000e-02
grainHe = 1.058699109113350e-17
grainH2O = 1.608696520082563e-05
H2O = 4.664110073936343e-15
CO = 1.996704080987354e-05
grainCO = 1.424443785279664e-09
grain = 1.769566172539658e-12
[output]
abundances = all
time_steps = 64
trace_routes = 0