[files]
source = /Users/ericvc/newcandy/examples/ice_check_parallel/z03/source.mdl
chem = /Users/ericvc/newcandy/astrochem/networks/just_grains.chm
[phys]
chi = 5.000e+01
cosmic = 1.30e-17
grain_size = 1.00e-01
grain_gas_mass_ratio = 7.37e-03
[solver]
ti = 1.00e-06
tf = 1.00e+02
abs_err = 1.0e-20
rel_err = 1.0e-10
[abundances]
H2 = 4.999999996980953e-01
grainH2 = 2.231837792964285e-10
He = 9.750000000000000e-02
grainHe = 3.271004495402149e-17
grainH2O = 1.475813897352859e-05
H2O = 2.450692177793557e-15
CO = 1.965016122327501e-05
grainCO = 2.579788728468621e-07
grain = 1.623395287286656e-12
[output]
abundances = all
time_steps = 64
trace_routes = 0