[files]
source = /Users/ericvc/newcandy/examples/ice_check_parallel/z03/source.mdl
chem = /Users/ericvc/newcandy/astrochem/networks/just_grains.chm
[phys]
chi = 5.000e+01
cosmic = 1.30e-17
grain_size = 1.00e-01
grain_gas_mass_ratio = 5.75e-03
[solver]
ti = 1.00e-06
tf = 1.00e+02
abs_err = 1.0e-20
rel_err = 1.0e-10
[abundances]
H2 = 4.999999996985035e-01
grainH2 = 1.740091059869919e-10
He = 9.750000000000000e-02
grainHe = 2.550850441611169e-17
grainH2O = 1.151160567136012e-05
H2O = 2.450694723593011e-15
CO = 1.964844228941344e-05
grainCO = 2.010817031078881e-07
grain = 1.266276624003767e-12
[output]
abundances = all
time_steps = 64
trace_routes = 0