[files]
source = /Users/ericvc/newcandy/examples/ice_check_parallel/z03/source.mdl
chem = /Users/ericvc/newcandy/astrochem/networks/just_grains.chm
[phys]
chi = 5.000e+01
cosmic = 1.30e-17
grain_size = 1.00e-01
grain_gas_mass_ratio = 2.42e-03
[solver]
ti = 1.00e-06
tf = 1.00e+02
abs_err = 1.0e-20
rel_err = 1.0e-10
[abundances]
H2 = 4.999999996929974e-01
grainH2 = 7.298649024359094e-11
He = 9.750000000000000e-02
grainHe = 1.071862046430380e-17
grainH2O = 4.846466237421348e-06
H2O = 2.450727215917484e-15
CO = 1.963009736681727e-05
grainCO = 8.411051851294373e-08
grain = 5.331112861799526e-13
[output]
abundances = all
time_steps = 64
trace_routes = 0