[files]
source = /Users/ericvc/newcandy/examples/ice_check_parallel/z03/source.mdl
chem = /Users/ericvc/newcandy/astrochem/networks/just_grains.chm
[phys]
chi = 5.000e+01
cosmic = 1.30e-17
grain_size = 1.00e-01
grain_gas_mass_ratio = 8.62e-03
[solver]
ti = 1.00e-06
tf = 1.00e+02
abs_err = 1.0e-20
rel_err = 1.0e-10
[abundances]
H2 = 4.999999996976597e-01
grainH2 = 2.610714884582246e-10
He = 9.750000000000000e-02
grainHe = 3.826151016555070e-17
grainH2O = 1.726218692626337e-05
H2O = 2.450692168533007e-15
CO = 1.965034422106994e-05
grainCO = 3.017837978513125e-07
grain = 1.898840562121553e-12
[output]
abundances = all
time_steps = 64
trace_routes = 0