[files]
source = /Users/ericvc/newcandy/examples/ice_check_parallel/z03/source.mdl
chem = /Users/ericvc/newcandy/astrochem/networks/just_grains.chm
[phys]
chi = 5.000e+01
cosmic = 1.30e-17
grain_size = 1.00e-01
grain_gas_mass_ratio = 3.62e-03
[solver]
ti = 1.00e-06
tf = 1.00e+02
abs_err = 1.0e-20
rel_err = 1.0e-10
[abundances]
H2 = 4.999999996958197e-01
grainH2 = 1.094525050252859e-10
He = 9.750000000000000e-02
grainHe = 1.605905980989634e-17
grainH2O = 7.254009874351457e-06
H2O = 2.450712566266909e-15
CO = 1.963859191144546e-05
grainCO = 1.263094848492934e-07
grain = 7.979410862750041e-13
[output]
abundances = all
time_steps = 64
trace_routes = 0