[files]
source = /Users/ericvc/newcandy/examples/ice_check_parallel/z11/source.mdl
chem = /Users/ericvc/newcandy/astrochem/networks/just_grains.chm
[phys]
chi = 5.000e+01
cosmic = 1.30e-17
grain_size = 1.00e-01
grain_gas_mass_ratio = 9.99e-03
[solver]
ti = 1.00e-06
tf = 1.00e+02
abs_err = 1.0e-20
rel_err = 1.0e-10
[abundances]
H2 = 4.999999999999158e-01
grainH2 = 8.664127008849296e-14
He = 9.750000000000000e-02
grainHe = 1.799334222137854e-18
grainH2O = 1.999999998657067e-05
H2O = 1.342935557819513e-14
CO = 1.999999980138121e-05
grainCO = 1.986188547850531e-13
grain = 2.200000000000000e-12
[output]
abundances = all
time_steps = 64
trace_routes = 0