[files]
source = /Users/ericvc/newcandy/examples/ice_check_parallel/z11/source.mdl
chem = /Users/ericvc/newcandy/astrochem/networks/just_grains.chm
[phys]
chi = 5.000e+01
cosmic = 1.30e-17
grain_size = 1.00e-01
grain_gas_mass_ratio = 9.26e-03
[solver]
ti = 1.00e-06
tf = 1.00e+02
abs_err = 1.0e-20
rel_err = 1.0e-10
[abundances]
H2 = 4.999999999865073e-01
grainH2 = 7.968971086226968e-14
He = 9.750000000000000e-02
grainHe = 1.663801017326185e-18
grainH2O = 1.854841221755285e-05
H2O = 1.342935602424375e-14
CO = 1.998727434483763e-05
grainCO = 1.807373641406026e-13
grain = 2.040325345384400e-12
[output]
abundances = all
time_steps = 64
trace_routes = 0