[files]
source = /Users/ericvc/newcandy/examples/ice_check_parallel/z05/source.mdl
chem = /Users/ericvc/newcandy/astrochem/networks/just_grains.chm
[phys]
chi = 5.000e+01
cosmic = 1.30e-17
grain_size = 1.00e-01
grain_gas_mass_ratio = 3.49e-03
[solver]
ti = 1.00e-06
tf = 1.00e+02
abs_err = 1.0e-20
rel_err = 1.0e-10
[abundances]
H2 = 4.999999998029076e-01
grainH2 = 3.587021492894609e-11
He = 9.750000000000000e-02
grainHe = 9.666364799675546e-18
grainH2O = 6.985274430168826e-06
H2O = 3.235493497443902e-15
CO = 1.979965609134509e-05
grainCO = 1.968671977725574e-08
grain = 7.683801874740420e-13
[output]
abundances = all
time_steps = 64
trace_routes = 0