[files]
source = /Users/ericvc/newcandy/examples/ice_check_parallel/z05/source.mdl
chem = /Users/ericvc/newcandy/astrochem/networks/just_grains.chm
[phys]
chi = 5.000e+01
cosmic = 1.30e-17
grain_size = 1.00e-01
grain_gas_mass_ratio = 9.61e-03
[solver]
ti = 1.00e-06
tf = 1.00e+02
abs_err = 1.0e-20
rel_err = 1.0e-10
[abundances]
H2 = 4.999999998946921e-01
grainH2 = 1.012854744614241e-10
He = 9.750000000000000e-02
grainHe = 2.689812716323238e-17
grainH2O = 1.923561424062323e-05
H2O = 3.235428601177715e-15
CO = 1.994071687420262e-05
grainCO = 5.701736695004383e-08
grain = 2.115917566810853e-12
[output]
abundances = all
time_steps = 64
trace_routes = 0