[files]
source = /Users/ericvc/newcandy/examples/ice_check_parallel/z05/source.mdl
chem = /Users/ericvc/newcandy/astrochem/networks/just_grains.chm
[phys]
chi = 5.000e+01
cosmic = 1.30e-17
grain_size = 1.00e-01
grain_gas_mass_ratio = 3.51e-03
[solver]
ti = 1.00e-06
tf = 1.00e+02
abs_err = 1.0e-20
rel_err = 1.0e-10
[abundances]
H2 = 4.999999998035005e-01
grainH2 = 3.604200115617968e-11
He = 9.750000000000000e-02
grainHe = 9.712584946643539e-18
grainH2O = 7.018657098193555e-06
H2O = 3.235493071769499e-15
CO = 1.980060770935536e-05
grainCO = 1.978226438132316e-08
grain = 7.720522809571779e-13
[output]
abundances = all
time_steps = 64
trace_routes = 0