[files]
source = /Users/ericvc/newcandy/examples/ice_check_parallel/z05/source.mdl
chem = /Users/ericvc/newcandy/astrochem/networks/just_grains.chm
[phys]
chi = 5.000e+01
cosmic = 1.30e-17
grain_size = 1.00e-01
grain_gas_mass_ratio = 7.71e-03
[solver]
ti = 1.00e-06
tf = 1.00e+02
abs_err = 1.0e-20
rel_err = 1.0e-10
[abundances]
H2 = 4.999999998898053e-01
grainH2 = 8.060356453628017e-11
He = 9.750000000000000e-02
grainHe = 2.151053260639282e-17
grainH2O = 1.544489192780565e-05
H2O = 3.235431729217417e-15
CO = 1.993395795323595e-05
grainCO = 4.514777238960969e-08
grain = 1.698938112336097e-12
[output]
abundances = all
time_steps = 64
trace_routes = 0