[files]
source = /Users/ericvc/newcandy/examples/ice_check_parallel/z05/source.mdl
chem = /Users/ericvc/newcandy/astrochem/networks/just_grains.chm
[phys]
chi = 5.000e+01
cosmic = 1.30e-17
grain_size = 1.00e-01
grain_gas_mass_ratio = 8.71e-03
[solver]
ti = 1.00e-06
tf = 1.00e+02
abs_err = 1.0e-20
rel_err = 1.0e-10
[abundances]
H2 = 4.999999998938235e-01
grainH2 = 9.152763472503635e-11
He = 9.750000000000000e-02
grainHe = 2.435591893430646e-17
grainH2O = 1.744885580889829e-05
H2O = 3.235429116813009e-15
CO = 1.993945094613600e-05
grainCO = 5.143866766581099e-08
grain = 1.919374139289935e-12
[output]
abundances = all
time_steps = 64
trace_routes = 0