[files]
source = /Users/ericvc/newcandy/examples/ice_check_parallel/z17/source.mdl
chem = /Users/ericvc/newcandy/astrochem/networks/just_grains.chm
[phys]
chi = 5.000e+01
cosmic = 1.30e-17
grain_size = 1.00e-01
grain_gas_mass_ratio = 9.99e-03
[solver]
ti = 1.00e-06
tf = 1.00e+02
abs_err = 1.0e-20
rel_err = 1.0e-10
[abundances]
H2 = 5.000000000000000e-01
grainH2 = 5.664836586414596e-16
He = 9.750000000000000e-02
grainHe = 7.468805549575420e-20
grainH2O = 1.999999942464098e-05
H2O = 5.753590381642105e-13
CO = 1.999999999989584e-05
grainCO = 1.041517488609296e-16
grain = 2.200000000000000e-12
[output]
abundances = all
time_steps = 64
trace_routes = 0