[files]
source = /Users/ericvc/newcandy/examples/ice_check_parallel/z17/source.mdl
chem = /Users/ericvc/newcandy/astrochem/networks/just_grains.chm
[phys]
chi = 5.000e+01
cosmic = 1.30e-17
grain_size = 1.00e-01
grain_gas_mass_ratio = 9.97e-03
[solver]
ti = 1.00e-06
tf = 1.00e+02
abs_err = 1.0e-20
rel_err = 1.0e-10
[abundances]
H2 = 4.999999999997673e-01
grainH2 = 5.655839090846635e-16
He = 9.750000000000000e-02
grainHe = 7.456951121576708e-20
grainH2O = 1.997030229859041e-05
H2O = 5.776823565163133e-13
CO = 1.999981205392355e-05
grainCO = 1.039851229364386e-16
grain = 2.196733316389500e-12
[output]
abundances = all
time_steps = 64
trace_routes = 0