[files]
source = /Users/ericvc/newcandy/examples/ice_check_faster/z01/source.mdl
chem = /Users/ericvc/newcandy/astrochem/networks/just_grains.chm
[phys]
chi = 5.000e+01
cosmic = 1.30e-17
grain_size = 1.00e-01
grain_gas_mass_ratio = 3.62e-03
[solver]
ti = 1.00e-06
tf = 1.00e+02
abs_err = 1.0e-20
rel_err = 1.0e-10
[abundances]
H2 = 4.999999997417357e-01
grainH2 = 8.313916386730102e-11
He = 9.750000000000000e-02
grainHe = 1.403441130621508e-17
grainH2O = 7.238827306661207e-06
H2O = 2.673742405793791e-15
CO = 1.972532594492258e-05
grainCO = 8.058293414272229e-08
grain = 7.962710038462866e-13
[output]
abundances = all
time_steps = 64
trace_routes = 0