[files]
source = /Users/ericvc/newcandy/examples/ice_check_faster/z01/source.mdl
chem = /Users/ericvc/newcandy/astrochem/networks/just_grains.chm
[phys]
chi = 5.000e+01
cosmic = 1.30e-17
grain_size = 1.00e-01
grain_gas_mass_ratio = 7.42e-03
[solver]
ti = 1.00e-06
tf = 1.00e+02
abs_err = 1.0e-20
rel_err = 1.0e-10
[abundances]
H2 = 4.999999997669448e-01
grainH2 = 1.717113367260572e-10
He = 9.750000000000000e-02
grainHe = 2.892046614454798e-17
grainH2O = 1.486106999937352e-05
H2O = 2.673674174604896e-15
CO = 1.977165585645365e-05
grainCO = 1.670288324943976e-07
grain = 1.634717700150204e-12
[output]
abundances = all
time_steps = 64
trace_routes = 0