[files]
source = /Users/ericvc/newcandy/examples/ice_check_faster/z01/source.mdl
chem = /Users/ericvc/newcandy/astrochem/networks/just_grains.chm
[phys]
chi = 5.000e+01
cosmic = 1.30e-17
grain_size = 1.00e-01
grain_gas_mass_ratio = 4.36e-03
[solver]
ti = 1.00e-06
tf = 1.00e+02
abs_err = 1.0e-20
rel_err = 1.0e-10
[abundances]
H2 = 4.999999997513225e-01
grainH2 = 1.004925598629893e-10
He = 9.750000000000000e-02
grainHe = 1.695341620986643e-17
grainH2O = 8.736142776111455e-06
H2O = 2.673716609338423e-15
CO = 1.974287496555062e-05
grainCO = 9.753056577426828e-08
grain = 9.609757055055176e-13
[output]
abundances = all
time_steps = 64
trace_routes = 0