[files]
source = /Users/ericvc/newcandy/examples/ice_check_faster/z01/source.mdl
chem = /Users/ericvc/newcandy/astrochem/networks/just_grains.chm
[phys]
chi = 5.000e+01
cosmic = 1.30e-17
grain_size = 1.00e-01
grain_gas_mass_ratio = 2.49e-03
[solver]
ti = 1.00e-06
tf = 1.00e+02
abs_err = 1.0e-20
rel_err = 1.0e-10
[abundances]
H2 = 4.999999997228511e-01
grainH2 = 5.715915199069129e-11
He = 9.750000000000000e-02
grainHe = 9.654750539363447e-18
grainH2O = 4.983845897763569e-06
H2O = 2.673792855643625e-15
CO = 1.969071615319480e-05
grainCO = 5.527014513275788e-08
grain = 5.482230488389564e-13
[output]
abundances = all
time_steps = 64
trace_routes = 0