[files]
source = /Users/ericvc/newcandy/examples/ice_check_faster/z01/source.mdl
chem = /Users/ericvc/newcandy/astrochem/networks/just_grains.chm
[phys]
chi = 5.000e+01
cosmic = 1.30e-17
grain_size = 1.00e-01
grain_gas_mass_ratio = 3.17e-03
[solver]
ti = 1.00e-06
tf = 1.00e+02
abs_err = 1.0e-20
rel_err = 1.0e-10
[abundances]
H2 = 4.999999997344419e-01
grainH2 = 7.280469108050363e-11
He = 9.750000000000000e-02
grainHe = 1.229414938353974e-17
grainH2O = 6.344394699312267e-06
H2O = 2.673761991087134e-15
CO = 1.971195744506686e-05
grainCO = 7.049794066224006e-08
grain = 6.978834170264756e-13
[output]
abundances = all
time_steps = 64
trace_routes = 0