[files]
source = /Users/ericvc/newcandy/examples/ice_check_faster/z01/source.mdl
chem = /Users/ericvc/newcandy/astrochem/networks/just_grains.chm
[phys]
chi = 5.000e+01
cosmic = 1.30e-17
grain_size = 1.00e-01
grain_gas_mass_ratio = 5.89e-03
[solver]
ti = 1.00e-06
tf = 1.00e+02
abs_err = 1.0e-20
rel_err = 1.0e-10
[abundances]
H2 = 4.999999997623378e-01
grainH2 = 1.359915400806939e-10
He = 9.750000000000000e-02
grainHe = 2.291947898176787e-17
grainH2O = 1.179104931343955e-05
H2O = 2.673686789514749e-15
CO = 1.976310493799476e-05
grainCO = 1.321894629722935e-07
grain = 1.297015424653666e-12
[output]
abundances = all
time_steps = 64
trace_routes = 0