[files]
source = /Users/ericvc/newcandy/examples/ice_check_faster/z01/source.mdl
chem = /Users/ericvc/newcandy/astrochem/networks/just_grains.chm
[phys]
chi = 5.000e+01
cosmic = 1.30e-17
grain_size = 1.00e-01
grain_gas_mass_ratio = 4.97e-03
[solver]
ti = 1.00e-06
tf = 1.00e+02
abs_err = 1.0e-20
rel_err = 1.0e-10
[abundances]
H2 = 4.999999997568156e-01
grainH2 = 1.145965767292282e-10
He = 9.750000000000000e-02
grainHe = 1.932427508032547e-17
grainH2O = 9.950698811035383e-06
H2O = 2.673701761108239e-15
CO = 1.975294883384042e-05
grainCO = 1.113044106910233e-07
grain = 1.094576869363622e-12
[output]
abundances = all
time_steps = 64
trace_routes = 0