[files]
source = /Users/ericvc/newcandy/examples/ice_check_faster/z01/source.mdl
chem = /Users/ericvc/newcandy/astrochem/networks/just_grains.chm
[phys]
chi = 5.000e+01
cosmic = 1.30e-17
grain_size = 1.00e-01
grain_gas_mass_ratio = 2.87e-03
[solver]
ti = 1.00e-06
tf = 1.00e+02
abs_err = 1.0e-20
rel_err = 1.0e-10
[abundances]
H2 = 4.999999997291137e-01
grainH2 = 6.581271197348230e-11
He = 9.750000000000000e-02
grainHe = 1.111543891372942e-17
grainH2O = 5.737465450663900e-06
H2O = 2.673776233655488e-15
CO = 1.970219572802796e-05
grainCO = 6.368433405603279e-08
grain = 6.311211996675051e-13
[output]
abundances = all
time_steps = 64
trace_routes = 0