[files]
source = /Users/ericvc/newcandy/examples/ice_check_faster/z01/source.mdl
chem = /Users/ericvc/newcandy/astrochem/networks/just_grains.chm
[phys]
chi = 5.000e+01
cosmic = 1.30e-17
grain_size = 1.00e-01
grain_gas_mass_ratio = 3.37e-03
[solver]
ti = 1.00e-06
tf = 1.00e+02
abs_err = 1.0e-20
rel_err = 1.0e-10
[abundances]
H2 = 4.999999997378149e-01
grainH2 = 7.740355264659490e-11
He = 9.750000000000000e-02
grainHe = 1.306881181456798e-17
grainH2O = 6.742756913090632e-06
H2O = 2.673752945877517e-15
CO = 1.971813774722127e-05
grainCO = 7.498431039611813e-08
grain = 7.417032605471577e-13
[output]
abundances = all
time_steps = 64
trace_routes = 0