[files]
source = /Users/ericvc/newcandy/examples/ice_check_faster/z01/source.mdl
chem = /Users/ericvc/newcandy/astrochem/networks/just_grains.chm
[phys]
chi = 5.000e+01
cosmic = 1.30e-17
grain_size = 1.00e-01
grain_gas_mass_ratio = 3.00e-03
[solver]
ti = 1.00e-06
tf = 1.00e+02
abs_err = 1.0e-20
rel_err = 1.0e-10
[abundances]
H2 = 4.999999997315625e-01
grainH2 = 6.901272232377042e-11
He = 9.750000000000000e-02
grainHe = 1.165505171798063e-17
grainH2O = 6.015444390155158e-06
H2O = 2.673769696256728e-15
CO = 1.970668183317623e-05
grainCO = 6.680137478191522e-08
grain = 6.616988830150403e-13
[output]
abundances = all
time_steps = 64
trace_routes = 0